YA976_DARK 1 2 3 4 7 8 9 10 11 12 13 14 15
angle 1.626 0.907 1.1 3.388 3.914 3.995 1.696 1.727 4.495 -0.827 2.113 2.451 1.377
whole 324.852 324.38 324.424 323.004 322.846 323.379 322.594 324.592 322.27 322.063 323.402 322.831 323.052
RPEtoOLM 73.687 73.608 73.725 72.867 73.233 73.361 72.782 73.69 72.779 73.802 73.805 72.582 73.522
RNFL 34.733 34.849 34.226 32.129 33.136 32.306 32.651 34.752 32.178 32.673 32.102 34.122 33.071
-3.75 639.662 466.446 483.489 751.554 723.373 869.223 826.75 732.907 885.015 680.254 1048.782 642.087 798.952
-2.5 828.892 502.668 530.487 843.674 810.622 1036.401 971.715 831.262 1025.678 841.774 1110.049 724.779 1034.194
-1.25 1341.683 891.037 889.256 1235.404 1210.48 1564.936 1438.614 1338.703 1516.977 1395.981 1515.6 1147.158 1692.087
0 2188.003 1540.774 1477.306 1810.655 1864.846 2263.252 2055.689 1986.114 2210.738 2083.334 2219.641 1720.824 2476.825
1.25 3095.327 2123.76 2048.241 2349.162 2491.274 2953.091 2633.307 2575.355 2903.771 2792.857 2915.199 2238.939 3211.418
2.5 3535.388 2406.317 2332.263 2691.662 2897.182 3418.863 3036.274 2891.074 3371.584 3257.08 3092.718 2625.406 3775.408
3.75 3344.88 2457.263 2388.935 2837.768 3067.29 3621.399 3259.927 2952.215 3583.348 3489.982 3082.383 2798.592 4043.076
5 3257.508 2470.859 2436.838 2899.72 3121.324 3737.758 3317.63 2997.82 3656.025 3585.768 3140.804 2873.625 4168.119
6.25 3283.525 2494.017 2447.712 2872.251 3114.493 3733.61 3269.268 2991.297 3701.324 3598.987 3112.809 2873.388 4165.279
7.5 3251.801 2429.301 2358.766 2780.74 3057.958 3635.912 3225.781 2916.851 3657.081 3519.785 3026.609 2817.384 4058.849
8.75 3078.6 2254.797 2181.895 2595.049 2860.202 3378.389 2993.204 2729.761 3407.29 3257.343 2867.036 2616.713 3740.174
10 2669.562 1946.787 1877.832 2235.779 2478.35 2961.361 2566.609 2386.405 2957.682 2799.048 2456.584 2250.73 3175.803
11.25 2279.858 1699.179 1628.782 1979.485 2197.508 2627.886 2265.827 2063.66 2599.622 2418.913 2153.174 1967.66 2793.091
12.5 2073.296 1585.602 1515.129 1865.214 2079.789 2487.624 2123.203 1903.142 2469.042 2275.463 2020.976 1856.278 2621.64
13.75 2021.358 1552.072 1490.324 1836.91 2049.29 2443.338 2088.157 1873.05 2443.578 2250.393 1987.193 1842.762 2577.304
15 2015.248 1547.583 1495.791 1838.628 2053.637 2444.735 2106.609 1884.82 2433.795 2270.717 1993.878 1871.166 2587.597
16.25 2026.548 1559.196 1511.412 1844.023 2074.324 2483.198 2145.071 1903.595 2449.502 2305.851 2018.617 1903.74 2610.643
17.5 2048.208 1570.758 1525.371 1851.676 2089.191 2534.117 2154.668 1908.926 2477.214 2327.367 2052.742 1922.487 2636.266
18.75 2060.17 1573.892 1531.45 1858.323 2114.745 2571.902 2147.557 1911.442 2494.59 2326.609 2070.302 1913.583 2653.952
20 2054.303 1576.368 1528.259 1856.677 2120.972 2574.714 2138.239 1916.908 2495.621 2331.247 2071.007 1909.771 2652.13
21.25 2033.17 1570.927 1525.524 1835.687 2109.171 2561.488 2129.584 1911.444 2490.434 2343.781 2063.276 1911.634 2637.682
22.5 2014.938 1567.311 1524.351 1830.143 2093.978 2522.426 2128.145 1906.114 2497.381 2347.817 2052.943 1917.772 2637.45
23.75 2051.232 1584.242 1537.452 1863.908 2098.454 2487.349 2144.994 1931.808 2522.024 2367.785 2044.803 1937.318 2658.623
25 2108.847 1614.334 1559.968 1908.56 2112.912 2521.805 2176.611 1959.163 2549.381 2380.239 2045.301 1953.565 2685.743
26.25 2121.751 1629.148 1574.696 1923.928 2122.604 2568.335 2189.182 1976.39 2565.607 2395.956 2058.32 1950.381 2689.825
27.5 2110.883 1631.75 1568.983 1920.74 2123.825 2570.239 2193.243 1981.955 2574.686 2399.459 2057.822 1952.829 2687.987
28.75 2126.382 1642.873 1576.967 1921.493 2152.942 2572.827 2212.39 1993.11 2584.108 2418.282 2066.788 1978.26 2728.855
30 2139.137 1655.409 1590.566 1927.162 2178.864 2592.05 2235.688 2006.319 2602.418 2456.139 2099.252 2000.344 2759.899
31.25 2156.226 1660.671 1596.786 1942.132 2179.441 2616.063 2233.732 1994.761 2605.917 2471.789 2102.967 1995.001 2753.468
32.5 2162.007 1665.711 1585.788 1943.273 2179.938 2601.494 2219.007 1985.862 2609.433 2467.104 2087.931 1995.54 2754.423
33.75 2165.56 1672.002 1588.541 1946.297 2190.049 2576.123 2229.26 1978.766 2620.667 2477.83 2085.761 1993.597 2786.055
35 2124.816 1638.085 1564.731 1927.317 2153.836 2540.62 2202.109 1933.922 2590.068 2438.412 2048.354 1951.226 2742.694
36.25 2003.964 1551.443 1480.545 1833.649 2030.54 2420.828 2090.887 1839.132 2464.996 2318.524 1941.708 1844.548 2598.965
37.5 1827.812 1425.684 1367.326 1685.353 1879.304 2234.129 1926.872 1704.522 2284.984 2146.733 1798.76 1712.986 2394.307
38.75 1711.68 1341.457 1280.97 1573.874 1759.722 2085.175 1797.553 1588.989 2134.994 2008.138 1685.753 1606.756 2220.467
40 1638.101 1287.755 1220.739 1519.23 1694.414 2000.319 1723.008 1525.794 2042.731 1931.187 1611.822 1536.502 2117.34
41.25 1581.818 1245.933 1189.793 1492.662 1658.277 1954.444 1685.595 1501.257 1988.444 1892.329 1575.433 1499.333 2062.824
42.5 1549.023 1222.762 1177.935 1483.501 1629.298 1933.989 1663.711 1489.439 1962.062 1866.189 1557.417 1485.473 2040.025
43.75 1547.688 1211.942 1175.838 1482.573 1616.512 1934.883 1660.15 1485.159 1952.694 1856.293 1550.4 1486.505 2044.848
45 1562.313 1237.374 1200.666 1480.121 1637.24 1948.792 1674.118 1499.253 1960.497 1886.163 1558.511 1491.782 2062.164
46.25 1616.967 1287.081 1232.662 1505.124 1682.145 1997.852 1726.382 1552.899 1996.002 1960.413 1581.367 1536.852 2134.687
47.5 1686.084 1342.932 1289.108 1565.764 1750.37 2060.934 1801.287 1625.311 2056.906 2046.8 1639.038 1600.013 2232.977
48.75 1763.977 1399.989 1331.915 1650.16 1824.22 2130.965 1886.134 1695.925 2133.461 2135.382 1715.352 1659.508 2311.962
50 1825.176 1443.854 1373.402 1716.39 1890.289 2211.319 1943.239 1753.317 2206.3 2208.577 1789.807 1714.694 2389.872
51.25 1869.653 1476.615 1413.427 1753.386 1945.623 2279.578 1974.893 1787.06 2281.771 2262.001 1838.667 1759.793 2461.546
52.5 1898.613 1485.552 1436.663 1770.052 1970.812 2323.644 1990.533 1796.174 2334.009 2297.745 1857.334 1764.613 2484.721
53.75 1881.276 1484.269 1433.834 1755.496 1943.734 2302.541 1960.67 1767.839 2318.425 2317.463 1832.128 1734.098 2452.473
55 1818.917 1454.585 1395.605 1699.431 1867.917 2223.407 1906.004 1712.141 2244.625 2306.954 1777.403 1672.577 2382.152
56.25 1704.471 1377.844 1310.901 1573.639 1748.121 2086.241 1813.745 1618.555 2112.454 2203.074 1677.962 1567.418 2277.848
57.5 1555.114 1290.299 1198.184 1437.649 1598.747 1904.329 1686.771 1517.813 1927.676 2070.364 1554.155 1447.972 2128.954
58.75 1424.726 1192.644 1122.552 1312.116 1466.798 1739.794 1559.71 1410.089 1729.257 1943.824 1430.279 1319.856 1975.857
60 1360.454 1139.664 1073.638 1245.069 1380.703 1654.871 1483.381 1322.908 1633.765 1864.002 1356.317 1258.031 1880.482
61.25 1315.268 1107.107 1035.066 1216.101 1344.011 1601.232 1426.569 1282.668 1586.88 1815.511 1315.033 1241.711 1840.807
62.5 1302.682 1075.551 1003.317 1187.121 1318.407 1551.063 1383.629 1275.763 1565.688 1773.599 1296.637 1189.204 1804.393
63.75 1289.669 1051.296 973.539 1151.88 1295.967 1550.054 1351.479 1257.394 1564.016 1731.902 1276.909 1174.79 1764.435
65 1265.628 1027.995 940.285 1157.975 1275.756 1517.212 1353.133 1228.761 1537.984 1701.051 1242.678 1130.526 1712.592
66.25 1253.65 988.392 911.77 1139.923 1267.688 1501.133 1311.409 1180.54 1502.426 1660.136 1235.253 1085.008 1691.606
67.5 1213.248 974.321 882.217 1118.122 1256.959 1510.854 1296.52 1169.103 1484.472 1617.548 1209.677 1071.391 1687.346
68.75 1188.825 957.737 861.53 1090.617 1265.882 1494.268 1294.791 1177.803 1493.576 1572.107 1196.985 1126.303 1658.636
70 1176.848 923.082 882.435 1094.639 1226.654 1469.798 1284.062 1184.708 1504.274 1532.223 1190.762 1114.549 1631.491
71.25 1199.15 904.113 827.177 1144.177 1212.335 1479.279 1258.077 1145.094 1508.021 1490.163 1194.16 1007.717 1608.534
72.5 1197.919 902.048 824.863 1117.259 1209.836 1458.789 1254.186 1088.395 1502.674 1458.901 1182.16 961.619 1554.585
73.75 1178.508 872.189 832.394 1143.028 1209.079 1427.838 1247.842 1111.965 1480.602 1450.275 1168.414 987.643 1551.132
75 1196.387 928.881 891.28 1179.569 1243.201 1503.159 1296.853 1176.683 1537.868 1520.344 1209.915 1123.025 1642.998
76.25 1389.432 1105.68 1042.882 1316.089 1429.28 1693.129 1455.586 1328.474 1704.162 1721.369 1357.477 1296.393 1849.055
77.5 1479.954 1174.278 1111.806 1387.514 1529.306 1799.175 1521.977 1387.052 1781.423 1830.758 1420.532 1352.883 1920.01
78.75 1404.851 1112.4 1051.371 1325.775 1467.695 1706.022 1464.24 1328.335 1726.737 1750.835 1367.723 1289.843 1830.445
80 1310.668 1027.748 974.492 1267.799 1385.358 1602.374 1392.627 1260.596 1647.397 1615.948 1294.776 1242.761 1734.988
81.25 1398.598 1057.411 999.91 1353.433 1468.811 1744.199 1475.92 1371.091 1765.523 1623.509 1375.211 1391.314 1811.196
82.5 1994.03 1454.596 1330.829 1827.423 1973.397 2436.421 2012.865 1919.818 2410.23 2070.437 1930.321 1976.867 2440.427
83.75 2944.779 2179.668 1988.037 2650.466 2837.25 3545.313 2877.07 2806.815 3464.279 3077.71 2861.736 2822.074 3517.824
85 3806.289 2852.292 2642.276 3345.789 3574.414 4457.071 3574.497 3480.124 4356.328 4047.403 3648.437 3406.304 4407.412
86.25 4046.914 3067.337 2905.684 3547.143 3761.927 4703.033 3745.661 3615.626 4595.08 4453.494 3819.534 3489.26 4599.248
87.5 3623.011 2781.604 2620.156 3202.478 3406.832 4211.015 3356.791 3213.963 4121.94 4085.76 3394.337 3092.239 4121.092
88.75 3075.617 2354.689 2218.55 2731.585 2923.522 3590.805 2807.376 2720.812 3472.161 3360.144 2836.835 2673.692 3500.168
90 2983.212 2224.543 2085.273 2617.697 2740.831 3465.992 2633.298 2676.173 3253.142 3026.71 2787.365 2577.178 3329.136
91.25 3327.33 2397.724 2264.18 2799.711 2871.016 3741.372 2751.988 2947.383 3475.372 3128.975 3115.212 2817.827 3505.268
92.5 3689.867 2647.338 2517.529 2988.955 3020.413 4027.204 2951.944 3216.802 3781.301 3361.869 3442.88 3055.033 3703.061
93.75 3766.027 2723.322 2605.965 3009.5 3053.951 4023.435 3003.315 3220.38 3806.586 3446.573 3463.963 3046.85 3679.427
95 3440.076 2512.836 2449.946 2854.212 3042.464 3852.618 2978.446 2987.434 3633.399 3425.038 3202.524 2882.412 3632.136
96.25 3108.674 2376.846 2289.624 2807.44 3135.056 3837.87 3074.559 2878.935 3651.756 3581.057 3038.021 2849.434 3836.458
97.5 3116.704 2500.091 2343.337 2966.111 3393.611 3981.998 3303.19 3027.447 3888.136 3918.845 3124.902 3028.596 4125.617
98.75 3231.763 2636.362 2467.196 3145.476 3600.032 4152.225 3508.036 3170.482 4129.712 4158.04 3253.23 3196.765 4349.298
100 3222.304 2676.268 2496.391 3215.804 3650.547 4217.078 3550.492 3174.166 4219.826 4197.769 3284.431 3256.974 4387.204
101.25 3132.652 2613.853 2443.057 3163.265 3581.673 4149.117 3424.085 3078.721 4138.369 4091.511 3215.638 3160.563 4256.62
102.5 2973.534 2472.447 2324.738 2988.408 3390.94 3889.326 3191.959 2888.954 3928.534 3835.956 3013.202 2953.923 3980.449
103.75 2671.824 2241.363 2089.608 2727.442 3087.906 3492.972 2887.146 2624.777 3586.259 3425.531 2707.927 2677.614 3570.218
105 2380.018 2033.123 1885.836 2504.335 2840.42 3209.4 2633.864 2417.554 3259.322 3155.045 2479.204 2462.378 3235.55
106.25 2212.239 1909.633 1777.893 2360.45 2687.581 3069.187 2476.05 2285.404 3042.866 2999.3 2355.306 2327.706 3023.786
107.5 2089.248 1813.856 1689.049 2229.951 2579.855 2936.662 2360.834 2171.305 2889.553 2862.577 2255.234 2222.069 2873.528
