YA976_LIGHT 1 3 4 5 6 7 8 9 10 11 12 13 14 15
angle 2.6 4.028 3.425 2.658 4.067 3.177 3.26 3.522 2.641 4.119 2.351 3.714 3.279 2.588
whole 325.259 321.905 322.858 321.808 321.85 324.318 323.928 322.658 323.748 321.707 324.327 324.062 321.854 325.896
RPEtoOLM 73.893 72.884 73.596 73.05 73.555 73.743 72.937 73.308 73.136 73.353 73.443 72.985 72.538 73.228
RNFL 34.733 32.288 32.57 32.751 31.116 33.694 34.786 34.484 33.554 33.064 35.499 33.733 32.993 35.454
-3.75 879.091 645.708 849.878 707.465 963.292 624.067 750.359 479.958 647.608 795.827 626.93 666.179 660.218 466.776
-2.5 1043.782 717.746 851.444 744.706 1073.208 753.079 874.768 533.298 709.771 926.747 799.559 751.943 696.172 591.888
-1.25 1526.384 1031.309 1309.688 1121.701 1482.44 1105.419 1305.516 884.51 1135.605 1359.577 1279.608 1185.268 1001.954 1123.509
0 2291.526 1488.091 1987.751 1795.165 2072.951 1613.557 1897.789 1380.712 1720.159 1951.742 1963.022 1802.895 1739.019 1796.942
1.25 3128.234 1948.138 2596.834 2416.581 2681.957 2081.04 2458.699 1844.691 2268.291 2557.976 2688.322 2388.29 2308.553 2542.609
2.5 3393.329 2283.513 3035.498 2849.523 3119.898 2365.099 2867.322 2155.256 2637.053 2990.815 3072.995 2809.813 2723.462 2802.925
3.75 3451.598 2450.148 3262.984 3079.675 3339.903 2527.231 3012.84 2352.343 2839.028 3177.193 3237.128 3017.961 2924.113 2677.623
5 3489.174 2473.743 3347.168 3183.393 3421.392 2608.595 3077.162 2425.097 2907.556 3233.688 3331.606 3079.468 3001.086 2654.865
6.25 3538.524 2452.974 3325.145 3197.739 3440.673 2641.729 3091.087 2455.777 2907.858 3273.089 3352.179 3114.132 3026.443 2680.878
7.5 3457.436 2407.72 3220.496 3115.003 3355.029 2584.901 3028.548 2418.131 2869.213 3209.502 3323.692 3070.875 2991.543 2644.222
8.75 3235.086 2256.157 2990.213 2894.93 3118.751 2411.506 2852.562 2262.143 2678.882 3011.655 3080.193 2855.652 2802.429 2524.512
10 2800.29 1949.997 2641.519 2527.78 2695.948 2045.812 2415.144 1931.562 2335.001 2600.384 2647.089 2488.894 2438.257 2194.635
11.25 2440.849 1714.934 2322.182 2219.866 2380.414 1777.185 2116.552 1686.522 2064.234 2287.956 2342.239 2198.426 2154.324 1900.814
12.5 2284.509 1601.731 2179.519 2072.45 2247.065 1672.143 1997.246 1576.689 1958.911 2162.334 2193.335 2061.53 2031.443 1743.285
13.75 2235.753 1581.148 2134.543 2037.928 2219.978 1648.981 1964.914 1557.136 1919.187 2134.506 2159.948 2033.942 2011.852 1695.496
15 2236.229 1580.364 2124.351 2038.485 2207.182 1645.754 1958.095 1569.915 1911.428 2131.521 2175.784 2035.611 2025.999 1692.152
16.25 2263.372 1577.264 2133.356 2054.813 2205.768 1651.246 1974.327 1582.979 1937.739 2149.618 2204.468 2047.677 2042.652 1706.892
17.5 2274.003 1583.03 2145.646 2069.202 2225.819 1665.682 1984.233 1595.01 1967.545 2165.165 2227.052 2068.87 2063.898 1727.015
18.75 2262.79 1589.874 2145.385 2074.903 2245.402 1671.85 1983.429 1605.241 1975.771 2164.314 2230.954 2075.397 2077.734 1738.478
20 2252.943 1598.001 2148.044 2069.616 2237.957 1666.771 1979.999 1608.597 1976.018 2152.384 2223.173 2066.483 2091.108 1737.886
21.25 2235.939 1597.616 2152.082 2069.829 2220.555 1648.898 1972.016 1604.393 1965.758 2147.222 2229.791 2062.437 2094.78 1736.519
22.5 2234.062 1588.646 2150.274 2081.723 2220.842 1647.811 1979.106 1609.216 1963.662 2169.183 2237.441 2072.056 2097.551 1745.011
23.75 2262.778 1599.072 2166.129 2109.691 2258.764 1675.749 2004.883 1620.79 1980.866 2209.035 2250.797 2108.413 2110.989 1757.162
25 2299.07 1621.949 2181.305 2152.522 2302.462 1706.131 2034.778 1637.286 1978.746 2233.293 2261.29 2147.937 2117.024 1774.646
26.25 2318.257 1637.603 2206.568 2176.175 2333.233 1724.719 2053.718 1654.963 1971.611 2244.142 2267.906 2160.198 2124.16 1788.999
27.5 2319.797 1648.854 2224.648 2195.534 2333.257 1722.378 2078.777 1664.367 1971.232 2258.763 2270.331 2171.979 2137.188 1786.657
28.75 2334.364 1673.454 2235.188 2193.979 2322.445 1723.332 2112.813 1675.545 1985.135 2286.516 2289.015 2206.839 2153.474 1787.325
30 2351.495 1684.095 2262.515 2195.177 2334.238 1753.337 2124.504 1686.07 2009.318 2317.718 2314.659 2231.804 2170.508 1810.25
31.25 2355.489 1681.042 2264.942 2193.136 2341.039 1764.297 2112.984 1695.222 2025.191 2315.282 2325.001 2233.377 2189.206 1826.195
32.5 2369.681 1698.617 2264.593 2208.551 2349.828 1755.68 2094.772 1705.584 2039.505 2306.568 2339.845 2241.788 2213.316 1832.574
33.75 2382.04 1701.805 2280.268 2224.29 2363.197 1757.324 2087.625 1716.381 2044.355 2317.686 2350.482 2243.448 2223.133 1831.863
35 2341.324 1662.602 2240.853 2170.328 2324.029 1728.694 2049.114 1694.869 2006.777 2289.815 2303.045 2198.556 2187.351 1797.442
36.25 2211.623 1573.64 2110.743 2029.907 2201.808 1643.757 1932.857 1611.07 1899.486 2168.988 2183.481 2081.188 2063.793 1709.256
37.5 2038.203 1456.765 1954.237 1861.728 2045.821 1525.399 1782.258 1486.628 1758.787 1992.136 2026.914 1926.427 1898.942 1583.516
38.75 1910.01 1360.309 1855.272 1743.892 1917.322 1423.899 1633.778 1387.086 1644.685 1860.344 1897.86 1807.039 1767.62 1472.525
40 1828.257 1298.642 1778.625 1676.97 1827.21 1360.959 1559.021 1326.278 1572.604 1779.183 1801.48 1728.65 1706.166 1398.97
41.25 1776.802 1261.189 1744.339 1624.464 1788.215 1334.44 1522.071 1299.936 1530.177 1732.647 1753.954 1688.438 1683.15 1365.278
42.5 1743.942 1250.905 1708.272 1607.016 1780.384 1316.1 1502.425 1286.845 1506.568 1715.404 1738.381 1668.411 1648.132 1350.466
43.75 1730.859 1259.701 1706.184 1614.081 1774.198 1313.54 1532.752 1283.678 1491.876 1705.801 1741.018 1658.641 1631.744 1349.23
45 1742.689 1286.709 1724.634 1654.672 1789.966 1324.476 1553.621 1293.89 1507.302 1717.556 1752.415 1666.597 1647.208 1360.813
46.25 1786.392 1325.663 1767.176 1717.265 1828.948 1355.4 1614.744 1312.095 1551.763 1754.639 1792.074 1703.141 1697.312 1390.074
47.5 1852.702 1382.388 1846.89 1785.029 1896.962 1402.402 1708.897 1356.741 1604.71 1822.399 1858.746 1769.446 1788.651 1440.5
48.75 1937.318 1439.546 1948.448 1875.395 1987.082 1468.984 1780.359 1414.518 1661.573 1895.609 1932.927 1852.874 1879.943 1495.732
50 1993.755 1477.625 2012.225 1934.519 2058.416 1524.831 1830.57 1460.2 1712.191 1952.765 2010.729 1929.428 1936.213 1547.605
51.25 2032.33 1497.848 2034.748 1982.733 2094.26 1563.081 1856.542 1500.808 1747.188 2008.111 2067.25 1979.203 1984.317 1589.107
52.5 2060.505 1502.058 2035.344 2013.71 2103.77 1583.354 1869.133 1528.015 1769.365 2038.932 2101.231 2006.311 2003.452 1618.562
53.75 2056.466 1487.981 2014.972 1997.49 2089.927 1576.251 1846.186 1515.437 1753.573 2035.541 2089.783 1993.071 1980.127 1616.572
55 2006.933 1424.565 1944.392 1926.947 2021.395 1535.618 1752.436 1475.524 1700.741 1981.522 2028.305 1928.56 1892.338 1576.531
56.25 1882.627 1316.259 1805.891 1795.632 1895.481 1452.021 1641.844 1396.287 1596.657 1857.553 1908.686 1803.182 1745.687 1483.601
57.5 1723.534 1200.059 1640.151 1656.302 1739.877 1339.229 1501.905 1279.56 1472.803 1697.461 1757.558 1663.793 1592.516 1381.388
58.75 1589.68 1080.163 1499.798 1525.003 1610.688 1240.1 1380.778 1177.833 1369.864 1554.128 1605.14 1516.874 1462.7 1286.504
60 1519.337 1006.616 1435.305 1443.678 1526.559 1178.185 1317.389 1117.243 1298.171 1473.185 1525.209 1430.26 1409.052 1218.854
61.25 1469.967 967.169 1385.468 1395.343 1461.338 1138.945 1285.034 1095.573 1247.516 1421.733 1483.857 1378.522 1343.959 1179.473
62.5 1439.846 963.464 1377.95 1357.327 1438.324 1128.177 1238.424 1075.075 1229.228 1392.384 1453.005 1355.07 1316.172 1160.782
63.75 1416.648 966.708 1364.556 1326.564 1409.023 1116.833 1254.867 1052.92 1215.884 1379.458 1438.743 1365.709 1264.367 1147.673
65 1396.31 970.2 1300.444 1336.26 1389.792 1097.462 1239.73 1045.748 1182.111 1364.783 1415.662 1339.413 1223.106 1119.237
66.25 1370.672 926.062 1282.779 1287.96 1386.619 1076.281 1235.591 1036.467 1159.159 1362.314 1389.396 1314.159 1237.64 1098.688
67.5 1355.443 928.87 1250.92 1247.872 1389.074 1058.259 1205.564 1029.538 1140.538 1350.004 1378.48 1305.144 1239.211 1092.469
68.75 1347.595 915.644 1225.183 1261.984 1378.486 1056.734 1200.399 1025.571 1134.635 1338.188 1368.488 1279.832 1195.887 1089.795
70 1339.256 920.423 1196.731 1248.351 1422.139 1048.286 1189.281 1016.407 1136.444 1330.297 1360.946 1300.84 1198.175 1078.64
71.25 1330.018 899.66 1237.367 1261.524 1399.527 1030.866 1210.525 1007.466 1121.451 1338.668 1346.516 1305.93 1140.757 1062.759
72.5 1311.319 897.665 1249.249 1249.218 1369.844 1024.435 1199.431 999.254 1109.839 1322.525 1323.191 1291.405 1168.626 1048.96
73.75 1296.568 928.785 1189.842 1250.37 1342.263 1035.528 1218.008 1001.015 1122.385 1317.884 1322.078 1280.687 1182.856 1051.893
75 1351.596 968.811 1287.716 1344.828 1400.288 1057.868 1248.875 1025.418 1165.324 1360.004 1394.655 1326.475 1291.128 1095.15
76.25 1513.616 1111.319 1507.727 1487.166 1571.119 1166.837 1390.818 1145.845 1299.35 1506.435 1570.199 1489.342 1460.101 1217.93
77.5 1609.531 1165.294 1593.133 1553.873 1670.248 1236.793 1473.782 1210.142 1365.882 1585.873 1652.332 1564.517 1547.821 1282.247
78.75 1542.101 1107.25 1511.192 1488.512 1601.442 1195.194 1418.682 1165.369 1319.306 1533.852 1586.961 1504.228 1483.009 1235.827
80 1454.148 1059.482 1424.327 1472.46 1496.804 1141.726 1366.079 1115.545 1248.926 1471.686 1502.374 1453.861 1439.177 1174.977
81.25 1552.209 1239.233 1500.568 1689.43 1680.617 1183.591 1532.291 1215.219 1367.12 1593.922 1604.168 1647.205 1665.005 1261.228
82.5 2186.661 1808.38 2079.499 2300.347 2358.318 1604.573 2223.984 1690.67 1923.514 2217.754 2238.765 2327.805 2389.546 1772.712
83.75 3286.303 2575.72 3047.916 3175.466 3415.687 2390.53 3127.726 2456.323 2802.165 3263.485 3304.225 3367.101 3331.632 2612.137
85 4278.569 3166.259 3937.714 3848.6 4302.869 3102.408 3821.829 3118.415 3522.994 4143.686 4218.198 4195.087 4044.519 3307.423
86.25 4621.988 3265.741 4223.123 3914.846 4470.258 3306.253 3912.886 3244.512 3722.927 4359.246 4448.678 4348.424 4112.121 3459.337
87.5 4141.291 2902.86 3806.817 3466.805 3977.984 2946.671 3462.995 2872.988 3339.542 3873.928 3979.79 3859.904 3601.438 3092.147
88.75 3428.526 2469.736 3219.327 3000.547 3382.928 2463.812 2967.207 2435.547 2806.156 3265.011 3360.505 3272.467 3096.426 2633.027
90 3238.005 2385.923 3074.036 2954.149 3297.965 2351.749 2893.436 2354.537 2673.123 3127.641 3197.148 3181.684 3032.742 2572.497
91.25 3599.529 2637.017 3348.299 3198.613 3627.222 2602.336 3180.776 2589.427 2955.591 3435.036 3475.471 3484.114 3271.256 2841.817
92.5 4060.77 2884.419 3663.597 3363.137 3943.855 2897.318 3437.968 2822.695 3263.634 3755.809 3830.158 3806.561 3524.663 3124.525
93.75 4200.668 2882.884 3706.138 3266.307 3907.681 2955.413 3431.892 2818.008 3330.09 3786.82 3870.769 3849.462 3518.898 3161.359
95 3858.221 2667.691 3468.109 3140.482 3658.8 2725.466 3244.308 2644.088 3104.329 3531.801 3622.393 3611.287 3341.456 2925.623
96.25 3486.586 2533.278 3357.366 3246.683 3596.706 2581.876 3150.946 2573.23 2901.707 3393.116 3506.082 3430.693 3351.18 2759.617
97.5 3484.944 2604.508 3543.847 3499.772 3740.348 2689.928 3287.365 2702.22 3002.629 3516.657 3652.37 3524.934 3543.782 2825.907
98.75 3661.347 2735.008 3735.147 3657.431 3877.007 2824.37 3434.533 2829.431 3157.822 3699.927 3821.052 3671.634 3713.846 2941.414
100 3699.658 2780.16 3786.059 3687.206 3897.909 2864.485 3447.985 2866.155 3185.219 3750.33 3863.568 3706.441 3762.605 2966.703
101.25 3595.952 2724.973 3705.117 3641.664 3800.621 2817.57 3360.812 2811.642 3111.166 3686.772 3804.621 3624.626 3668.57 2903.756
102.5 3414.711 2585.924 3506.235 3406.342 3560.579 2675.278 3173.996 2659.176 2960.859 3481.897 3596.319 3421.555 3455.733 2766.643
103.75 3082.163 2345.466 3187.413 3073.617 3210.09 2417.584 2874.82 2430.505 2682.504 3144.336 3258.279 3110.632 3179.559 2531.194
105 2750.971 2129.328 2894.711 2856.778 2952.418 2179.908 2640.942 2244.472 2413.863 2869.28 2969.255 2835.965 2946.578 2315.397
106.25 2559.933 2005.957 2713.527 2706.839 2788.795 2051.048 2499.834 2132.46 2260.498 2695.824 2783.496 2661.58 2785.233 2180.847
107.5 2423.76 1903.291 2569.513 2572.541 2636.499 1961.448 2372.616 2043.313 2142.603 2558.838 2640.346 2530.373 2648.449 2081.496
