YA211_DARK 1 2 3 4 6 7 8 10 11 12 14 15
angle -0.22 -1.383 -5.048 -3.756 -1.691 -1.497 -1.576 -2.589 2.303 -2.127 -1.786 -0.288
whole 351.581 352.077 352.898 351.149 351.599 350.51 354.123 353.753 354.163 352.925 351.764 350.177
RPEtoOLM 72.97 73.018 73.249 73.319 72.467 71.89 73.479 73.402 72.207 72.676 73.195 72.031
RNFL 34.237 34.527 33.481 33.394 34.189 34.895 36.862 35.13 36.884 34.003 33.923 34.39
-3.75 1206.034 1371.062 1551.107 1566.249 1495.145 1355.773 693.469 877.654 737.25 1051.727 1417.729 1336.219
-2.5 1447.695 1590.368 1690.512 1705.189 1677.493 1588.456 904.159 1039.087 979.508 1181.429 1586.783 1462.61
-1.25 2022.528 2139.726 2096.099 2132.509 2133.073 2090.73 1457.727 1431.675 1534.938 1554.933 2011.997 1766.787
0 2841.494 2938.726 2767.831 2867.655 2888.127 2846.105 2163.546 2015.635 2289.14 2147.477 2666.207 2275.946
1.25 3601.432 3736.85 3406.314 3567.212 3634.647 3657.188 2888.279 2661.409 3054.463 2672.439 3280.042 2780.44
2.5 4026.007 4215.745 3731.421 3902.881 4033.995 4051.56 3314.668 2978.861 3416.353 2973.701 3626.565 3092.132
3.75 4186.464 4385.103 3854.438 4017.753 4183.354 4221.513 3497.097 3094.72 3401.666 3076.144 3743.805 3196.285
5 4321.368 4425.69 3897.915 4065.779 4281.152 4340.271 3543.158 3155.101 3363.409 3123.357 3806.672 3246.629
6.25 4344.7 4395.155 3858.132 4000.452 4257.932 4325.433 3493.524 3141.411 3376.818 3087.693 3798.117 3239.486
7.5 4217.872 4266.71 3718.212 3836.743 4136.246 4170.901 3371.917 3044.989 3333.151 2981.676 3667.756 3133.929
8.75 3890.958 4010.777 3539.84 3633.523 3840.211 3892.654 3156.623 2848.834 3118.557 2777.403 3425.342 2910.411
10 3379.388 3532.845 3220.047 3297.979 3403.898 3479.303 2794.475 2525.224 2725.506 2497.599 3058.488 2609.745
11.25 2978.553 3121.862 2899.502 2979.161 3042.887 3118.02 2447.499 2261.832 2403.395 2210.123 2727.916 2335.038
12.5 2797.84 2928.412 2751.623 2809.071 2863.791 2928.29 2273.642 2131.106 2223.003 2080.114 2585.35 2207.272
13.75 2739.526 2865.078 2712.536 2753.122 2809.907 2850.8 2221.819 2082.082 2157.137 2043.544 2543.098 2154.117
15 2704.757 2842.344 2702.144 2738.764 2792.66 2822.923 2203.772 2072.03 2140.62 2031.808 2528.722 2135.767
16.25 2689.036 2831.726 2691.581 2742.806 2789.409 2822.593 2187.51 2073.13 2130.654 2029.152 2515.405 2114.054
17.5 2682.002 2835.781 2683.454 2735.326 2785.49 2826.004 2169.428 2064.676 2124.817 2028.719 2500.907 2104.285
18.75 2688.383 2831.653 2669.565 2727.364 2778.602 2836.409 2166.601 2052.124 2122.537 2014.343 2486.819 2100.607
20 2684.282 2822.081 2659.736 2715.036 2766.233 2831.08 2172.505 2041.053 2123.762 1999.916 2484.307 2102.693
21.25 2670.084 2827.724 2645.873 2700.868 2752.032 2816.189 2172.436 2028.625 2124.936 1985.241 2490.489 2103.496
22.5 2648.268 2824.86 2628.648 2687.476 2741.169 2805.226 2171.45 2029.835 2109.622 1974.864 2500.907 2100.478
23.75 2638.595 2811.697 2633.879 2688.043 2752.145 2816.379 2178.587 2036.08 2114.617 1971.395 2499.67 2105.22
25 2653.407 2837.192 2669.905 2723.943 2790.198 2848.877 2197.699 2060.243 2146.645 1982.574 2514.774 2127.055
26.25 2696.192 2881.223 2698.503 2767.85 2821.132 2886.907 2234.621 2085.769 2182.818 2003.645 2540.142 2145.668
27.5 2711.593 2921.383 2709.705 2790.589 2844.064 2907.197 2262.89 2099.241 2201.282 2013.464 2554.063 2154.889
28.75 2708.832 2930.588 2715.234 2797.064 2844.867 2915.536 2259.093 2103.425 2209.705 2008.366 2561.697 2157.124
30 2728.787 2936.611 2737.621 2809.294 2852.784 2934.698 2262.245 2104.654 2223.931 2023.91 2579.197 2157.753
31.25 2744.24 2951.621 2744.646 2810.649 2862.899 2947.894 2273.967 2104.619 2236.349 2041.31 2586.33 2163.898
32.5 2754.626 2958.538 2730.999 2802.054 2842.697 2933.422 2281.432 2105.686 2224.84 2039.816 2581.436 2165.614
33.75 2740.871 2937.782 2729.691 2797.928 2830.033 2919.434 2279.452 2100.75 2206.093 2028.853 2564.536 2150.815
35 2713.509 2901.388 2699.326 2764.871 2802.523 2895.404 2248.903 2066.199 2179.915 2005.841 2535.747 2133.141
36.25 2599.724 2780.27 2585.074 2649.153 2703.261 2788.637 2159.064 1983.113 2100.099 1939.546 2444.226 2062.467
37.5 2426.999 2601.403 2433.795 2503.506 2566.148 2616.915 2023.363 1858.587 1964.58 1809.143 2304.363 1947.395
38.75 2256.29 2442.961 2269.439 2368.653 2430.403 2449.559 1888.628 1735.124 1847.661 1685.199 2162.787 1829.512
40 2149.204 2333.852 2177.281 2269.958 2329.808 2336.27 1806.225 1654.682 1768.207 1611.822 2080.186 1756.992
41.25 2099.151 2274.553 2121.37 2219.596 2284.085 2283.424 1759.713 1615.214 1721.62 1566.372 2036.455 1714.616
42.5 2075.372 2245.603 2103.463 2195.985 2260.972 2273.806 1746.641 1605.135 1696.805 1556.771 2005.622 1692.956
43.75 2080.713 2240.958 2110.985 2195.905 2254.565 2278.426 1751.355 1610.639 1698.19 1554.672 1998.527 1695.058
45 2096.691 2260.784 2144.068 2222 2271.683 2295.513 1769.486 1628.157 1713.167 1568.156 2016.176 1700.587
46.25 2138.03 2322.882 2223.43 2282.749 2308.959 2351.655 1816.311 1666.986 1753.16 1597.54 2057.282 1729.586
47.5 2196.022 2391.687 2287.441 2344.967 2365.191 2438.127 1866.95 1716.898 1803.937 1651.438 2108.217 1783.016
48.75 2260.388 2464.777 2342.094 2399.614 2417.703 2498.235 1920.263 1751.286 1844.108 1696.771 2160.752 1812.88
50 2311.338 2532.706 2428.711 2478.228 2458.515 2558.217 1985.647 1805.598 1878.122 1745.466 2230.753 1856.129
51.25 2384.95 2600.229 2525.752 2574.261 2511.044 2634.107 2044.831 1872.164 1937.713 1804.77 2313.69 1929.35
52.5 2441.331 2682.792 2648.67 2672.959 2572.224 2706.118 2099.005 1933.615 1988.886 1849.496 2381.404 1984.82
53.75 2458.548 2751.831 2706.448 2748.952 2629.419 2770.167 2155.105 1993.808 1998.822 1897.305 2430.05 2010.259
55 2408.755 2715.403 2677.586 2717.504 2594.593 2749.89 2139.918 1965.945 1955.36 1869.135 2390.615 1975.245
56.25 2260.175 2547.315 2585.936 2598.432 2436.236 2602.132 2008.99 1837.519 1834.57 1756.327 2246.168 1853.465
57.5 2066.142 2354.126 2472.036 2471.904 2265.874 2414.702 1844.888 1702.581 1656.591 1630.303 2078.014 1716.611
58.75 1924.045 2203.423 2370.295 2369.545 2115.288 2263.533 1728.835 1597.866 1509.299 1533.853 1963.624 1600.3
60 1830.691 2090.797 2269.491 2268.752 2016.151 2157.38 1658.287 1516.654 1442.59 1458.631 1886.54 1531.167
61.25 1781.437 2006.206 2196.785 2196.923 1950.421 2084.794 1591.105 1460.355 1397.672 1406.945 1824.803 1486.986
62.5 1723.897 1966.354 2134.951 2129.553 1901.104 2025.845 1538.315 1412.103 1376.943 1361.992 1767.976 1463.092
63.75 1669.261 1925.068 2068.671 2060.513 1847.513 1970.884 1501.094 1360.674 1351.538 1319.814 1711.071 1421.951
65 1630.739 1854.913 1976.028 1985.823 1800.539 1916.605 1461.814 1319.249 1324.471 1279.138 1684.373 1380.925
66.25 1602.737 1803.486 1869.682 1912.965 1753.795 1874.686 1425.355 1284.634 1314.998 1239.756 1645.819 1346.089
67.5 1581.468 1763.955 1763.143 1828.812 1709.499 1839.12 1402.367 1256.093 1316.578 1209.115 1614.242 1330.571
68.75 1558.282 1736.466 1688.171 1756.044 1675.893 1807.144 1378.804 1224.382 1334.716 1190.913 1578.477 1312.786
70 1543.139 1709.763 1639.183 1714.307 1661.041 1783.473 1355.277 1203.108 1343.095 1167.673 1547.012 1281.907
71.25 1525.058 1689.86 1618.449 1688.766 1636.69 1763.554 1342.052 1185.802 1328.955 1153.322 1526.732 1265.324
72.5 1499.812 1671.477 1596.402 1669.589 1614.645 1750.233 1323.884 1170.101 1308.014 1139.164 1506.158 1259.21
73.75 1486.453 1645.36 1592.973 1655.224 1597.678 1735.488 1312.346 1155.718 1290.269 1129.814 1487.87 1263.58
75 1544.465 1693.59 1662.764 1706.307 1650.696 1784.256 1363.092 1208.165 1326.147 1168.892 1537.688 1304.298
76.25 1727.784 1877.652 1790.176 1850.895 1808.634 1938.683 1522.86 1340.926 1470.596 1296.075 1681.346 1433.562
77.5 1796.101 1979.105 1847.803 1912.141 1895.988 2023.564 1601.848 1389.758 1548.758 1351.135 1747.521 1481.92
78.75 1749.299 1927.586 1803.178 1863.874 1845.472 1985.108 1549.403 1352.816 1507.01 1317.712 1705.246 1444.357
80 1678.712 1853.443 1745.64 1796.63 1771.103 1924.204 1482.994 1297.556 1453.507 1261.035 1646.563 1397.035
81.25 1735.499 1875.342 1778.06 1822.585 1819.771 1988.527 1522.004 1325.844 1498.752 1281.996 1682.493 1455.834
82.5 2211.474 2301.545 2108.132 2133.338 2267.619 2470.579 1914.499 1634.796 1889.792 1577.351 2021.419 1826.602
83.75 3210.306 3318.082 2771.343 2832.478 3187.804 3450.489 2731.152 2271.828 2703.635 2223.146 2707.317 2504.834
85 4156.59 4420.217 3432.623 3591.212 4227.472 4489.569 3609.073 2956.765 3543.614 2904.467 3411.571 3151.354
86.25 4535.761 4963.693 3692.798 3903.355 4725.621 4974.468 4078.822 3222.904 4003.972 3232.295 3653.768 3399.914
87.5 4178.507 4704.036 3385.658 3612.572 4439.374 4705.799 3849.865 2952.047 3805.353 3017.42 3347.978 3126.733
88.75 3428.091 3905.196 2839.914 3012.016 3734.647 3978.366 3202.66 2430.113 3190.419 2483.098 2776.602 2602.5
90 3052.807 3410.296 2531.706 2691.797 3323.841 3492.076 2788.028 2148.896 2801.523 2174.797 2453.576 2338.145
91.25 3242.834 3590.624 2545.621 2719.688 3436.319 3597.016 2919.243 2225.092 2930.535 2270.593 2496.328 2452.41
92.5 3557.074 3927.48 2747.472 2883.067 3735.552 3900.624 3210.316 2417.292 3227.04 2496.276 2733.347 2679.398
93.75 3766.811 4192.024 3082.407 3213.443 4020.299 4183.093 3462.452 2668.634 3461.985 2719.002 3076.813 2900.462
95 3790.741 4256.875 3419.302 3545.791 4136.623 4311.594 3547.006 2845.118 3531.543 2837.887 3366.896 3032.244
96.25 3740.912 4214.609 3702.899 3795.272 4082.519 4292.658 3495.784 2924.788 3456.706 2875.997 3577.405 3091.399
97.5 3861.144 4289.943 4069.756 4133.89 4153.429 4415.736 3514.302 3078.341 3451.398 2994.837 3881.824 3236.684
98.75 4147.976 4578.042 4333.877 4435.508 4378.467 4697.174 3729.65 3294.484 3599.666 3184.312 4142.775 3456.653
100 4270.062 4712.453 4374.469 4487.665 4477.106 4819.34 3816.141 3350.378 3666.088 3228.551 4205.961 3549.314
101.25 4194.996 4679.493 4263.383 4390.362 4402.362 4722.715 3751.094 3281.42 3584.922 3156.942 4129.943 3522.636
102.5 4015.442 4493.21 4003.547 4123.692 4177.027 4509.221 3594.021 3102.111 3401.17 2991.079 3918.736 3376.45
103.75 3675.428 4102.271 3611.863 3697.973 3796.217 4128.151 3295.889 2810.236 3071.778 2702.635 3566.11 3104.459
105 3248.895 3681.121 3301.079 3380.153 3419.281 3732.519 2998.701 2556.396 2738.961 2426.23 3266.137 2872.333
106.25 2965.521 3450.356 3125.801 3209.087 3196.83 3491.238 2826.413 2407.081 2543.838 2277.827 3086.315 2727.161
107.5 2795.118 3290.212 2978.869 3061.752 3052.749 3319.062 2701.044 2274.934 2403.527 2166.941 2935.392 2606.547
