YA211_LIGHT-dim 2 3 4 5
angle -3.696 -2.243 -1.41 -6.123
whole 354.047 353.159 353.371 354.832
RPEtoOLM 73.561 73.458 72.529 73.157
RNFL 35.337 33.999 35.507 35.107
-3.75 936.093 1231.733 943.384 759.076
-2.5 1077.712 1364.615 1127.176 972.452
-1.25 1438.482 1764.56 1577.461 1394.007
0 1980.406 2408.059 2247.359 1970.457
1.25 2564.16 3006.418 3008.246 2551.682
2.5 2936.123 3332.516 3465.099 2976.376
3.75 3110.918 3458.164 3642.539 3198.563
5 3162.879 3485.84 3708.723 3248.686
6.25 3131.201 3458.561 3722.431 3212.995
7.5 3019.509 3323.564 3630.38 3108.958
8.75 2839.778 3110.971 3428.935 2917.639
10 2569.08 2813.07 3045.789 2671.711
11.25 2297.988 2483.964 2699.682 2412.062
12.5 2154.118 2320.21 2524.542 2296.985
13.75 2100.203 2243.19 2458.695 2246.223
15 2069.09 2215.682 2444.09 2224.482
16.25 2059.143 2204.359 2440.848 2218.172
17.5 2064.013 2200.761 2435.893 2222.865
18.75 2057.013 2197.003 2437.112 2212.995
20 2040.143 2201.495 2433.257 2198.889
21.25 2023.488 2197.971 2425.221 2182.984
22.5 2011.658 2185.923 2416.144 2167.515
23.75 2017.458 2184.885 2428.406 2173.266
25 2048.259 2207.177 2455.812 2195.988
26.25 2078.231 2252.767 2479.534 2224.968
27.5 2092.717 2274.826 2502.349 2244.168
28.75 2090.339 2275.666 2522.11 2252.006
30 2089.728 2292.082 2546.627 2258.795
31.25 2106.398 2304.889 2579.291 2262.384
32.5 2111.379 2300.623 2576.305 2260.32
33.75 2104.673 2285.142 2564.486 2248.535
35 2076.837 2256.803 2534.671 2224.779
36.25 1982.103 2163.529 2423.739 2130.951
37.5 1854.796 2025.953 2276.361 1983.145
38.75 1737.214 1894.988 2139.617 1849.194
40 1664.089 1807.336 2045.07 1773.933
41.25 1614.812 1772.516 1988.112 1731.418
42.5 1598.15 1761.211 1967.763 1724.746
43.75 1609.908 1763.372 1980.119 1737.918
45 1629.691 1779.619 2004.527 1772.197
46.25 1672.339 1826.486 2060.604 1819.458
47.5 1733.37 1885.966 2144.65 1875.752
48.75 1780.359 1939.848 2211.868 1934.81
50 1824.577 1991.163 2261.9 1998.47
51.25 1896.404 2044.791 2315.954 2084.513
52.5 1974.346 2126.679 2381.489 2149.252
53.75 1989.875 2155.809 2421.267 2165.438
55 1924.848 2085.417 2348.299 2137.384
56.25 1820.459 1952.998 2207.99 2064.88
57.5 1702.13 1833.77 2037.034 1973.876
58.75 1622.988 1751.83 1915.292 1912.163
60 1555.523 1674.146 1832.933 1860.651
61.25 1500.992 1618.69 1783.761 1800.563
62.5 1448.929 1572.866 1740.323 1757.127
63.75 1395.203 1521.247 1683.582 1721.797
65 1352.815 1476.847 1629.483 1678.463
66.25 1324.47 1443.288 1602.645 1588.787
67.5 1279.552 1406.503 1584.314 1466.102
68.75 1230.665 1378.678 1560.797 1343.108
70 1200.376 1349.47 1532.795 1275.809
71.25 1193.852 1337.469 1520.843 1252.555
72.5 1178.808 1321.385 1509.166 1246.311
73.75 1176.393 1312.511 1510.456 1251.827
75 1225.167 1370.593 1576.593 1317.95
76.25 1340.654 1507.749 1732.863 1436.966
77.5 1390.56 1560.529 1802.136 1476.612
78.75 1349.915 1522.024 1753.992 1435.34
80 1304.077 1463.582 1692.477 1387.724
81.25 1332.472 1499.254 1782.903 1424.459
82.5 1623.341 1874.336 2301.276 1681.236
83.75 2239.942 2648.528 3310.785 2186.106
85 2872.65 3466.052 4308.422 2654.547
86.25 3158.612 3862.301 4740.301 2785.153
87.5 2938.662 3562.929 4427.431 2528.155
88.75 2451.902 2941.754 3655.185 2123.705
90 2196.759 2651.379 3229.856 1919.162
91.25 2251.007 2792.819 3419.95 1946.654
92.5 2411.679 3061.081 3749.791 2132.704
93.75 2599.908 3270.806 3983.64 2445.878
95 2744.1 3371.682 4057.188 2729.772
96.25 2849.103 3372.627 4009.047 2955.617
97.5 3052.939 3473.918 4072.078 3250.243
98.75 3280.054 3683.269 4293.023 3455.761
100 3315.088 3716.433 4376.553 3470.871
101.25 3229.484 3631.611 4288.162 3365.044
102.5 3050.593 3452.211 4070.252 3172.652
103.75 2755.347 3113.955 3686.082 2868.578
105 2502.149 2824.298 3303.401 2599.97
106.25 2367.926 2676.637 3074.648 2451.775
107.5 2259.679 2564.343 2922.073 2336.254
