YA211_LIGHT 1 2 3 5 6 8 9 10 12 13 14 15
angle -2.528 -3.365 -3.082 -3.337 -2.084 -1.805 -4.052 0.328 -0.701 -1.051 -2.8 -0.869
whole 351.24 351.788 352.697 353.538 352.55 353.809 352.679 352.991 353.488 353.568 354.048 352.675
RPEtoOLM 72.916 72.691 72.521 72.349 73.088 72.685 73.131 72.839 72.875 72.98 73.55 72.554
RNFL 34.89 35.219 35.396 35.861 36.467 36.312 34.431 35.675 36.398 37.026 34.803 36.054
-3.75 1159.846 1018.238 895.806 905.808 938.371 909.49 818.272 1063.104 930.046 734.132 1104.103 737.896
-2.5 1314.517 1088.999 1055.437 1057.542 1140.395 1160.647 1015.363 1295.696 1186.154 912.206 1321.184 906.201
-1.25 1706.592 1432.874 1464.525 1476.142 1695.91 1716.593 1488.265 1781.815 1732.426 1466.275 1865.796 1324.942
0 2289.172 2029.502 2053.126 2169.284 2480.379 2458.321 2146.251 2457.205 2493.556 2184.751 2601.48 1882.11
1.25 2891.335 2599.396 2621.981 2815.961 3271.081 3264.972 2781.252 3189.221 3288.375 2911.175 3281.468 2486.37
2.5 3261.31 2896.688 2976.685 3231.71 3747.438 3696.817 3173.979 3575.183 3740.771 3343.823 3721.013 2825.623
3.75 3356.855 3054.571 3142.687 3410.243 3936.92 3889.155 3396.836 3755.739 3855.354 3496.621 3895.832 2946.285
5 3416.392 3108.029 3203.834 3476.536 3991.619 3934.217 3453.192 3843.37 3875.505 3565.912 3941.504 3004.465
6.25 3406.603 3070.652 3186.229 3440.825 3973.547 3851.148 3388.707 3862.061 3839.76 3565.351 3953.752 2998.525
7.5 3303.805 2961.706 3075.844 3302.758 3847.856 3690.141 3199.021 3752.811 3707.511 3464.117 3791.222 2919.909
8.75 3088.733 2764.45 2895.544 3092.697 3573.477 3430.337 2976.094 3486.107 3484.71 3211.769 3549.658 2712.597
10 2750.562 2500.359 2600.477 2790.554 3178.111 3033.247 2665.088 3049.417 3092.631 2823.651 3191.22 2396.361
11.25 2444.869 2235.522 2320.274 2492.498 2839.354 2661.551 2320.248 2718.111 2724.613 2507.284 2870.433 2124.451
12.5 2292.281 2100.888 2177.717 2362.76 2671.652 2472.827 2164.412 2542.339 2534.996 2366.125 2711.147 1994.502
13.75 2247.243 2061.236 2130.419 2319.324 2615.418 2422.07 2115.05 2484.437 2486.685 2322.307 2661.929 1962.081
15 2238.951 2044.331 2113.938 2295.506 2604.166 2410.51 2101.497 2456.969 2472.048 2297.668 2631.333 1954.379
16.25 2229.442 2028.827 2111.163 2290.493 2605.8 2405.412 2091.608 2447.129 2460.438 2292.782 2605.806 1944.933
17.5 2229.679 2036.57 2111.077 2284.459 2609.867 2406.378 2070.947 2446.057 2451.962 2279.771 2596.789 1937.837
18.75 2220.651 2037.647 2107.68 2295.164 2616.35 2392.085 2070.458 2439.101 2436.185 2273.681 2591.606 1928.281
20 2216.082 2036.553 2091.396 2301.949 2619.175 2377.33 2067.17 2438.309 2421.205 2281.137 2579.849 1922.252
21.25 2215.66 2025.806 2081.613 2281.436 2619.552 2374.365 2055.986 2453.736 2428.644 2291.584 2573.635 1930.201
22.5 2210.952 2023.318 2074.278 2266.635 2600.004 2388.185 2036.013 2456.86 2453.409 2304.195 2589.992 1933.788
23.75 2214.629 2025.63 2079.074 2270.612 2591.91 2398.301 2032.926 2464.208 2466.045 2316.238 2600.098 1947.436
25 2241.642 2030.681 2098.258 2302.005 2620.349 2419.885 2052.805 2487.714 2476.551 2339.96 2614.339 1970.52
26.25 2271.308 2060.884 2122.2 2338.518 2659.914 2461.471 2087.494 2530.737 2505.021 2349.057 2632.742 1986.924
27.5 2279.87 2077.556 2136.922 2354.516 2665.928 2481.263 2112.55 2546.622 2535.308 2357.643 2631.79 1999.277
28.75 2281.546 2072.884 2145.679 2356.539 2673.266 2478.344 2110.89 2550.732 2539.693 2359.469 2630.559 2001.902
30 2289.507 2082.154 2163.756 2374.14 2701.604 2485.88 2119.055 2570.017 2551.024 2369.882 2643.705 2014.575
31.25 2294.321 2110.6 2183.071 2372.698 2724.823 2507.667 2133.053 2570.294 2552.149 2399.202 2652.816 2034.344
32.5 2298.079 2120.147 2188.516 2380.196 2734.617 2504.557 2137.358 2566.368 2554.886 2406.793 2654.613 2036.915
33.75 2296.08 2113.333 2185.339 2377.142 2732.734 2490.872 2130.539 2548.777 2562.321 2395.724 2649.904 2025.023
35 2274.985 2078.999 2151.88 2349.498 2687.521 2455.453 2108.068 2528.92 2546.186 2371.656 2625.871 1997.582
36.25 2188.778 1989.531 2064.164 2246.641 2570.519 2354.84 2026.645 2453.669 2450.628 2288.126 2514.757 1931.218
37.5 2053.777 1867.134 1926.235 2074.057 2414.749 2218.459 1899.795 2297.438 2285.45 2150.853 2349.119 1824.133
38.75 1921.782 1757.488 1806.8 1920.675 2263.482 2076.153 1775.616 2140.793 2144.316 2005.938 2196.382 1708.158
40 1832.977 1681.361 1723.527 1851.416 2156.825 1981.248 1683.792 2049.295 2058.12 1923.838 2095.224 1632.217
41.25 1776.06 1612.239 1666.031 1804.388 2106.655 1938.622 1631.592 2009.083 2007.219 1881.581 2040.391 1586.643
42.5 1754.373 1606.698 1653.54 1803.49 2094.875 1928.333 1614.726 1985.052 1983.895 1854.206 2024.009 1570.05
43.75 1753.938 1611.644 1662.793 1817.112 2102.815 1918.611 1619.482 1978.941 1982.322 1846.311 2027.707 1572.967
45 1763.978 1626.932 1678.846 1852.608 2130.096 1937.504 1639.639 2010.151 2001.635 1865.266 2051 1586.257
46.25 1805.973 1683.441 1728.471 1904.624 2189.236 1980.008 1675.046 2059.817 2057.661 1914.469 2104.074 1621.334
47.5 1869.951 1742.815 1782.957 1976.496 2253.118 2045.068 1729.492 2112.036 2113.82 1970.572 2151.457 1673.552
48.75 1923.285 1792.486 1820.569 2041.525 2303.507 2108.312 1765.538 2164.836 2168.955 1997.383 2199.634 1705.217
50 1977.398 1839.498 1857.208 2079.352 2366.241 2154.404 1795.384 2198.932 2200.332 2039.239 2263.637 1743.545
51.25 2028.554 1901.908 1915.362 2143.213 2433.749 2219.246 1859.606 2240.646 2244.159 2118.265 2356.238 1788.72
52.5 2084.984 1988.924 1993.75 2248.699 2482.245 2285.683 1960.607 2302.129 2301.63 2186.175 2437.782 1847.633
53.75 2157.109 2052.059 2067.104 2300.749 2519.297 2342.265 2035.192 2352.404 2361.737 2230.271 2491.144 1887.511
55 2137 2038 2042.308 2252.923 2455.414 2316.113 2020.622 2342.245 2347.324 2205.618 2453.403 1860.808
56.25 2024.75 1937.757 1938.979 2132.957 2299.519 2182.895 1938.869 2206.141 2194.953 2073.663 2318.447 1764.848
57.5 1893.981 1822.465 1815.16 2001.44 2149.894 2020.372 1832.564 2012.416 2025.018 1912.767 2169.674 1632.489
58.75 1794.055 1718.755 1723.962 1890.428 2017.74 1892.792 1732.642 1867.922 1909.604 1771.737 2054.7 1522.439
60 1704.239 1643.995 1653.188 1776.672 1919.816 1822.339 1660.026 1791.071 1825.632 1687.293 1963.619 1472.848
61.25 1644.438 1571.062 1584.586 1676.241 1857.27 1751.806 1595.397 1740.287 1758.903 1642.963 1880.277 1435.335
62.5 1597.268 1519.438 1525.799 1629.069 1754.431 1683.969 1542.021 1702.204 1710.741 1611.904 1812.281 1387.372
63.75 1544.974 1469.547 1478.56 1608.954 1699.879 1642.777 1486.196 1652.534 1669.357 1562.958 1756.307 1341.909
65 1489.152 1406.396 1441.288 1526.822 1618.479 1595.567 1429.081 1622.955 1633.07 1533.407 1716.269 1318.926
66.25 1431.923 1328.552 1390.723 1453.653 1461.443 1554.314 1381.869 1607.818 1607.392 1495.517 1657.596 1291.583
67.5 1390.208 1262.475 1334.304 1358.799 1364.41 1514.302 1316.197 1575.491 1583.727 1478.181 1610.428 1274.978
68.75 1351.927 1199.605 1284.176 1304.632 1329.218 1486.76 1238.844 1564.895 1566.292 1485.235 1549.568 1261.985
70 1326.25 1130.369 1257.327 1189.515 1395.756 1469.248 1203.089 1550.457 1549.485 1442.31 1511.817 1242.529
71.25 1310.58 1096.6 1246.602 1157.426 1365.18 1456.245 1187.238 1543.835 1528.018 1413.139 1493.885 1229.408
72.5 1284.678 1066.181 1225.226 1138.56 1289.541 1431.144 1169.603 1516.309 1512.039 1367.796 1476.858 1204.835
73.75 1277.809 1071.742 1204.823 1135.806 1233.873 1415.361 1162.316 1490.358 1495.879 1321.982 1466.024 1205.246
75 1338.708 1129.395 1273.639 1215.895 1334.659 1474.18 1207.236 1538.31 1542.346 1391.954 1524.949 1243.081
76.25 1476.933 1333.715 1409.389 1459.366 1614.454 1655.138 1333.143 1743.842 1726.632 1571.197 1674.183 1376.927
77.5 1542.032 1410.492 1455.753 1562.373 1732.819 1744.772 1381.248 1842.094 1826.346 1652.748 1740.569 1443.245
78.75 1494.237 1340.676 1422.686 1492.881 1649.476 1688.01 1348.38 1782.844 1761.53 1614.992 1702.745 1404.314
80 1437.821 1268.659 1374.503 1375.761 1546.353 1611.308 1309.248 1720.118 1670.537 1553.004 1642.478 1348.109
81.25 1515.249 1375.651 1426.32 1546.469 1647.304 1684.755 1348.66 1798.204 1696.53 1615.314 1689.028 1385.821
82.5 1961.882 1777.061 1808.487 2106.3 2219.275 2159.603 1636.643 2254.085 2104.662 2033.364 2066.862 1727.932
83.75 2807.959 2452.522 2500.156 2911.784 3278.747 3071.768 2256.934 3203.806 3033.376 2897.945 2811.6 2428.107
85 3647.222 3097.649 3196.109 3601.827 4338.318 4056.122 2860.576 4206.454 4095.268 3784.981 3570.091 3187.074
86.25 3957.184 3366.885 3499.651 3817.191 4817.955 4635.006 3094.83 4676.525 4665.931 4187.417 3871.074 3583.582
87.5 3648.574 3107.953 3233.683 3430.977 4502.088 4444.699 2816.7 4420.338 4483.088 3915.264 3574.822 3387.616
88.75 2987.068 2578.118 2685.596 2832.554 3738.327 3699.764 2303.886 3728.202 3786.35 3245.181 2950.341 2810.806
90 2645.259 2282.943 2413.81 2606.302 3292.043 3160.291 2045.371 3217.892 3256.471 2874.253 2549.522 2456.642
91.25 2779.883 2345.505 2503.279 2716.03 3470.477 3300.195 2090.961 3300.25 3350.814 3043.437 2591.935 2543.236
92.5 3011.982 2507.686 2690.314 2929.585 3805.842 3671.37 2268.559 3657.72 3732.202 3333.33 2835.197 2795.667
93.75 3214.79 2706.912 2883.546 3171.18 4069.781 3941.591 2511.855 3996.012 4052.053 3588.503 3171.921 3029.909
95 3274.214 2876.207 3000.049 3344.089 4141.317 4003.602 2721.189 4118.074 4124.81 3706.111 3447.544 3142.1
96.25 3205.647 2976.26 3058.787 3442.009 4085.756 3901.078 2836.666 4020.313 4019.856 3663.242 3594.982 3112.25
97.5 3258.801 3146.909 3201.556 3641.225 4118.903 3841.892 3015.017 3982.208 3979.091 3696.804 3811.979 3133.875
98.75 3514.383 3369.29 3415.724 3867.439 4357.134 3997.381 3221.969 4182.628 4112.749 3910.98 4053.072 3319.553
100 3647.337 3454.316 3489.243 3936.309 4434.851 4146.805 3274.58 4320.268 4217.99 4006.703 4129.173 3422.324
101.25 3601.536 3383.856 3424.149 3840.253 4339.769 4130.8 3199.227 4273.251 4182.822 3965.376 4055.722 3389.072
102.5 3444.053 3191.949 3257.498 3606.001 4121.119 3989.699 2996.572 4085.154 4000.361 3795.04 3850.39 3264.697
103.75 3145.473 2881.86 2961.377 3247.953 3725.82 3683.261 2684.534 3725.292 3644.023 3478.346 3493.986 3007.894
105 2831.144 2610.159 2691.331 2957.374 3362.454 3328.262 2428.139 3365.871 3280.483 3169.504 3148.118 2735.578
106.25 2637.346 2447.609 2527.897 2790.836 3146.815 3110.942 2281.737 3147.632 3067.831 2986.647 2945.518 2565.987
107.5 2506.135 2322.245 2400.227 2655.159 2996.732 2969.786 2169.045 2986.96 2928.774 2840.366 2801.763 2441.18
