YA315_DARK 1 2 3 4 5 6 7 8 9 10 11 12 13 14 15
angle 2.864 -0.047 0.676 0.762 0.749 0.562 0.511 1.404 1.462 -2.467 -3.809 -4.636 -1.981 3.168 -2.427
whole 326.049 326.567 326.845 326.128 325.989 326.41 325.044 326.574 326.747 324.768 326.893 327.163 325.009 325.661 327.438
RPEtoOLM 69.173 68.825 68.781 68.479 68.815 68.662 68.333 67.986 68.28 68.605 67.898 68.629 67.919 68.925 69.396
RNFL 30.89 30.934 30.799 30.785 30.665 31.853 31.088 31.222 30.562 29.643 30.11 29.772 30.581 30.733 30.417
-3.75 1031.648 1272.015 1011.333 1196.977 1422.431 1307.274 1435.579 1512.91 1466.714 1382.384 1214.463 1185.558 1415.273 1539.805 1561.886
-2.5 1171.321 1469.032 1137.452 1371.4 1575.387 1448.112 1565.039 1683.727 1649.288 1543.722 1393.844 1313.863 1551.849 1692.536 1753.32
-1.25 1581.844 2015.269 1537.231 1845.544 2101.357 1901.117 2017.913 2228.015 2172.694 2008.723 1839.02 1718.314 2019.915 2206.645 2332.628
0 2180.619 2852.336 2188.476 2576.6 2918.2 2664.74 2818.001 3076.842 3026.663 2818.492 2572.933 2400.117 2809.467 3009.986 3265.914
1.25 2685.66 3537.4 2757.973 3255.02 3611.011 3358.139 3553.162 3805.731 3708.323 3590.789 3190.145 2974.174 3457.739 3719.086 4070.82
2.5 3011.599 3962.08 3081.735 3670.191 4000.869 3752.297 3971.305 4219.957 4144.539 3977.381 3604.611 3319.208 3836.286 4094.972 4559.167
3.75 3099.825 4126.755 3227.666 3849.584 4135.588 3896.816 4113.27 4343.759 4280.801 4191.82 3790.245 3487.412 3973.074 4221.137 4733.056
5 3126.146 4122.808 3245.91 3905.275 4140.199 3938.937 4140.731 4391.536 4313.035 4289.301 3883.551 3533.188 4003.894 4234.55 4798.817
6.25 3153.131 4094.347 3252.038 3870.365 4093.153 3923.563 4119.018 4369.604 4280.712 4262.827 3852.749 3512.787 3942.348 4205.992 4742.839
7.5 3067.504 3952.767 3119.211 3743.87 3972.296 3803.538 3970.154 4194.31 4116.188 4088.32 3718.682 3382.093 3780.426 4047.054 4553.091
8.75 2801.894 3646.532 2843.836 3427.215 3652.574 3501.672 3626.793 3833.403 3754.65 3785.256 3434.849 3144.382 3515.202 3706.529 4193.573
10 2381.041 3139.111 2459.003 2949.801 3138.676 3007.273 3133.62 3305.262 3229.634 3282.695 3058.007 2785.577 3055.753 3200.344 3662.268
11.25 2058.061 2685.77 2137.154 2519.16 2700.775 2571.124 2667.034 2791.606 2772.572 2838.154 2687.107 2450.953 2637.992 2766.092 3147.761
12.5 1939.794 2493.753 1982.747 2321.765 2490.62 2390.135 2469.787 2607.387 2598.725 2674.731 2526.459 2326.692 2468.503 2592.118 2935.926
13.75 1893.126 2452.038 1927.108 2276.486 2455.171 2341.998 2441.298 2569.197 2561.946 2621.914 2475.023 2281.253 2435.188 2557.959 2880.617
15 1879.143 2466.142 1919.965 2273.505 2461.772 2326.59 2448.097 2565.324 2553.259 2608.009 2476.004 2276.878 2424.219 2552.813 2881.839
16.25 1882.538 2453.104 1931.001 2253.756 2443.285 2320.593 2445.87 2552.462 2553.809 2597.646 2488.695 2281.34 2414.022 2545.916 2884.287
17.5 1886.53 2434.896 1942.324 2246.713 2440.989 2321.401 2443.733 2544.736 2550.587 2589.951 2482.675 2271.259 2409.378 2529.555 2865.762
18.75 1900.221 2431.246 1943.044 2253.509 2455.45 2319.344 2450.616 2554.255 2552.149 2600.201 2486.578 2253.588 2404.9 2519.149 2857.853
20 1917.512 2449.909 1951.663 2271.639 2460.975 2339.726 2467.277 2569.317 2565.919 2618.095 2494.514 2262.028 2406.397 2537.503 2858.091
21.25 1936.561 2471.703 1958.718 2300.157 2466.688 2363.246 2488.439 2592.07 2580.108 2620.413 2516.915 2274.591 2418.555 2574.222 2863.828
22.5 1950.435 2482.198 1961.158 2329.986 2491.895 2390.76 2501.519 2602.497 2596.129 2611.091 2521.59 2289.045 2435.232 2599.32 2886.301
23.75 1957.782 2501.22 1978.317 2356.275 2519.428 2418.49 2519.255 2625.034 2626.448 2627.054 2519.921 2306.541 2458.976 2600.509 2929.221
25 1980.778 2560.876 2027.859 2377.389 2539.719 2437.86 2548.367 2657.574 2661.337 2684.369 2559.666 2321.551 2487.736 2628.033 2972.458
26.25 1987.347 2589.714 2048.953 2392.439 2548.51 2455.006 2570.671 2669.261 2678.734 2705.254 2588.909 2347.708 2522.628 2652.631 2982.914
27.5 2003.533 2570.161 2031.878 2388.723 2561.253 2451.42 2585.104 2679.399 2665.567 2688.831 2598.167 2348.646 2546.836 2659.899 2973.661
28.75 2009.37 2560.316 2012.05 2397.051 2585.907 2472.156 2601.747 2692.728 2699.12 2701.797 2624.161 2360.352 2556.396 2675.259 3011.516
30 2026.935 2569.523 2022.118 2423.188 2608.998 2480.577 2622.792 2699.506 2725.944 2746.364 2639.169 2377.344 2557.179 2719.059 3042.403
31.25 2031.063 2550.307 2042.226 2413.855 2598.682 2460.208 2612.244 2690.542 2703.087 2747.688 2624.724 2367.895 2547.877 2713.11 3044.57
32.5 2004.785 2536.955 2027.981 2412.895 2604.164 2453.477 2583.125 2670.659 2683.657 2726.432 2574.346 2339.685 2531.559 2693.294 3006.775
33.75 1994.944 2568.017 2050.389 2427.826 2618.371 2457.045 2584.343 2669.326 2701.109 2725.526 2583.093 2333.406 2521.79 2698.854 2971.762
35 1991.863 2563.367 2055.095 2419.367 2593.667 2452.006 2566.445 2659.13 2682.085 2723.791 2587.425 2321.27 2503.595 2690.72 2957.213
36.25 1904.976 2448.059 1954.814 2309.721 2477.012 2343.121 2442.501 2530.954 2545.462 2599.371 2452.862 2211.193 2390.678 2558.393 2825.786
37.5 1748.777 2242.17 1779.175 2110.538 2273.381 2155.036 2269.541 2329.939 2341.642 2386.13 2238.69 2018.925 2201.908 2341.581 2594.867
38.75 1623.98 2048.241 1644.285 1953.747 2086.457 1994.748 2110.912 2166.111 2174.108 2183.182 2077.541 1864.107 2030.042 2155.367 2379.911
40 1558.015 1946.139 1574.552 1873.256 2001.088 1908.429 2019.897 2068.416 2078.177 2071.373 1990.556 1779.244 1940.08 2055.261 2271.485
41.25 1518.311 1911.63 1543.48 1833.843 1958.302 1865.961 1971.561 2031.914 2032.934 2011.478 1950.827 1742.34 1904.886 2010.055 2213.532
42.5 1503.441 1896.819 1529.722 1821.674 1947.257 1845.686 1957.703 2014.913 2014.123 1992.725 1922.682 1729.57 1892.272 1992.898 2194.131
43.75 1507.584 1893.051 1511.789 1817.801 1944.666 1845.92 1955.269 2002.244 2011.268 2001.236 1921.534 1722.587 1884.56 1996.839 2190.171
45 1517.12 1897.304 1503.266 1825.75 1948.376 1852.821 1956.288 2000.467 2023.175 2013.477 1932.237 1727.957 1897.104 2010.33 2199.949
46.25 1535.274 1930.707 1529.799 1850.258 1975.578 1888.673 1986.445 2027.811 2057.274 2045.811 1977.085 1779.151 1958.517 2045.011 2270.81
47.5 1581.472 2015.547 1596.194 1912.004 2067.06 1967.603 2059.83 2104.406 2144.482 2136.763 2080.983 1889.165 2055.437 2134.587 2404.303
48.75 1654.343 2135.614 1682.42 2033.904 2185.641 2070.847 2180.604 2225.89 2255.797 2251.466 2189.842 1982.595 2160.922 2253.163 2522.254
50 1739.024 2243.677 1783.634 2141.687 2285.297 2174.088 2289.091 2336.681 2342.187 2348.877 2270.869 2046.647 2261.353 2345.37 2600.93
51.25 1813.361 2315.964 1839.93 2219.79 2369.675 2254.842 2359.905 2418.175 2426.391 2401.507 2313.775 2085.132 2300.513 2415.133 2625.855
52.5 1842.203 2329.156 1850.851 2248.784 2415.111 2282.984 2389.184 2450.446 2461.113 2438.352 2381.716 2170.773 2334.87 2458.053 2684.867
53.75 1821.643 2339.484 1850.958 2234.079 2403.181 2280.129 2377.524 2443.085 2460.885 2535.522 2524.023 2302.927 2421.202 2517.689 2799.33
55 1776.495 2328.081 1844.777 2236.737 2363.909 2261.308 2359.67 2407.174 2437.918 2595.231 2582.232 2324.641 2421.867 2524.116 2801.628
56.25 1688.662 2204.437 1756.216 2115.467 2249.748 2154.53 2246.116 2287.568 2316.081 2478.561 2470.967 2241.775 2294.99 2381.68 2649.054
57.5 1541.693 2032.86 1599.866 1914.032 2067.096 1958.417 2056.416 2097.794 2115.795 2297.914 2325.624 2128.073 2151.278 2205.118 2450.415
58.75 1417.079 1893.365 1477.86 1778.231 1929.052 1794.914 1914.542 1955.635 1960.925 2188.659 2220.504 2052.691 2033.091 2082.524 2303.743
60 1349.233 1775.45 1403.633 1697.92 1833.623 1709.775 1830.37 1846.708 1866.242 2076.062 2116.022 1964.197 1918.214 1977.958 2192.359
61.25 1299.927 1693.531 1342.562 1636.941 1762.265 1661.991 1761.436 1773.869 1797.138 1986.911 2024.96 1867.178 1827.167 1903.436 2099.073
62.5 1262.136 1636.779 1292.483 1591.813 1703.581 1619.687 1713.01 1724.584 1745.501 1911.327 1943.014 1785.24 1766.742 1836.063 2016.216
63.75 1233.216 1585.293 1259.65 1545.568 1659.565 1588.255 1668.955 1680.442 1696.199 1831.029 1868.792 1715.183 1710.727 1779.23 1949.475
65 1210.264 1550.986 1228.65 1506.714 1619.217 1559.414 1640.497 1646.177 1661.188 1756.287 1771.235 1639.386 1644.157 1725.306 1891.757
66.25 1203.078 1522.889 1209.087 1483.255 1586.199 1536.977 1617.322 1615.152 1647.257 1673.034 1682.062 1553.588 1598.145 1674.752 1833.093
67.5 1202.024 1503.116 1201.328 1469.784 1568.353 1519.204 1600.307 1605.333 1625.723 1615.222 1600.373 1476.468 1555.326 1636.466 1772.245
68.75 1200.216 1484.23 1191.295 1455.665 1550.252 1509.302 1583.292 1595.991 1609.497 1576.031 1531.585 1400.24 1513.197 1605.092 1717.317
70 1195.503 1464.175 1178.392 1444.03 1534.083 1492.524 1562.424 1575.301 1591.224 1525.604 1476.004 1335.294 1470.939 1578.526 1672.272
71.25 1186.272 1447.111 1165.061 1436.198 1516.743 1479.29 1551.715 1555.236 1576.359 1492.519 1442.803 1296.527 1447.913 1558.424 1645.224
72.5 1174.174 1431.817 1160.48 1437.213 1509.111 1465.347 1536.983 1549.064 1561.437 1476.143 1427.143 1284.865 1445.015 1545.378 1632.078
73.75 1177.654 1450.932 1182.704 1454.052 1527.645 1473.718 1553.758 1556.082 1574.177 1495.643 1451.553 1299.534 1480.163 1560.812 1652.679
75 1245.778 1538.728 1260.362 1540.599 1612.071 1557.47 1650.54 1633.07 1681.276 1586.553 1536.445 1366.968 1576.916 1650.029 1743.245
76.25 1337.215 1659.778 1337.178 1630.106 1724.327 1671.492 1745.733 1747.726 1793.651 1698.032 1638.865 1454.425 1672.513 1762.621 1853.934
77.5 1361.588 1688.012 1364.076 1659.725 1762.284 1691.922 1771.59 1782.918 1821.323 1740.993 1676.154 1481.055 1699.663 1793.007 1872.763
78.75 1339.455 1652.025 1336.7 1636.102 1728.047 1667.276 1746.427 1761.608 1798.758 1717.081 1644.035 1467.733 1680.231 1767.909 1838.723
80 1336.375 1644.184 1341.332 1667.627 1712.061 1680.947 1751.543 1766.042 1821.124 1687.55 1646.237 1469.427 1717.103 1761.479 1840.182
81.25 1567.957 1910.095 1558.897 2101.017 2005.487 1985.777 2082.247 2098.865 2208.408 1890.84 1883.633 1658.394 2100.223 2022.526 2106.504
82.5 2291.334 2791.911 2263.22 3028.777 2860.08 2833.797 2891.076 2913.653 3055.885 2600.522 2537.533 2235.295 2969.099 2867.193 2967.154
83.75 3186.592 3944.276 3183.301 3989.634 3956.63 3906.338 3958.51 3872.839 4051.066 3624.151 3390.144 2970.879 3897.415 3892.956 4036.419
85 3736.195 4712.641 3744.69 4521.876 4744.053 4662.188 4688.682 4548.167 4575.831 4320.074 3879.82 3415.586 4444.392 4527.966 4779.62
86.25 3702.854 4693.895 3695.425 4367.303 4756.772 4577.959 4610.251 4542.133 4411.229 4307.148 3741.122 3299.421 4270.311 4390.834 4744.134
87.5 3108.092 3974.982 3093.762 3679.77 4094.6 3814.649 3921.923 3887.92 3683.601 3660.824 3149.886 2763.615 3557.062 3664.288 4047.162
88.75 2494.558 3113.698 2475.723 3040.437 3329.857 3007.604 3128.303 3097.792 2972.188 2881.042 2528.71 2242.656 2864.203 2906.198 3187.81
90 2358.356 2968.272 2359.901 2873.089 3035.534 2879.168 2922.042 2785.182 2816.606 2581.546 2321.216 2053.27 2733.393 2753.311 2867.647
91.25 2611.704 3323.847 2606.798 3171.705 3347.385 3230.789 3214.977 2962.071 3035.652 2741.279 2412.581 2121.132 2969.503 2980.947 2996.165
92.5 2837.44 3639.448 2884.935 3445.915 3692.625 3488.613 3506.935 3215.299 3241.247 2996.15 2621.012 2301.996 3191.881 3231.13 3248.475
93.75 2869.827 3722.956 2961.231 3496.622 3787.396 3535.877 3610.416 3397.348 3412.478 3233.87 2944.033 2590.133 3337.89 3393.62 3522.262
95 2848.862 3675.772 2965.634 3555.809 3787.047 3581.903 3651.324 3568.868 3648.036 3496.058 3276.985 2881.258 3504.791 3626.453 3791.228
96.25 2944.32 3696.785 3011.098 3662.41 3881.718 3666.443 3816.167 3776.061 3921.187 3689.367 3519.696 3131.877 3684.705 3841.768 4044.264
97.5 3133.608 3898.16 3180.701 3827.198 4053.307 3894.81 4041.923 4066.48 4229.984 3926.651 3753.285 3386.05 3893.371 4127.709 4322.927
98.75 3316.097 4116.978 3310.171 4001.35 4264.764 4098.599 4272.741 4338.002 4447.031 4149.737 3947.58 3554.592 4060.18 4353.131 4546.23
100 3390.577 4184.934 3328.169 4020.998 4344.068 4171.136 4360.72 4459.522 4514.646 4175.953 3995.149 3574.515 4082.247 4406.595 4547.23
101.25 3348.961 4085.66 3233.729 3899.81 4250.157 4047.122 4301.139 4370.598 4399.381 4016.868 3854.461 3462.925 3959.661 4289.493 4365.802
102.5 3171.784 3852.433 3014.265 3590.882 3961.209 3758.078 4055.73 4135.602 4108.032 3653.493 3540.516 3191.658 3658.355 3969.397 3988.204
103.75 2831.702 3451.544 2691.043 3187.952 3509.687 3350.935 3616.562 3746.809 3663.296 3154.738 3114.455 2794.249 3242.507 3532.411 3485.249
105 2573.448 3082.147 2438.705 2929.222 3187.267 3056.655 3261 3350.622 3345.28 2853.129 2815.874 2532.236 2981.599 3222.471 3144.888
106.25 2464.157 2906.633 2314.751 2813.814 3046.271 2898.201 3083.938 3138.737 3178.858 2748.356 2701.533 2431.287 2835.947 3074.933 2990.569
107.5 2381.326 2785.329 2212.456 2702.897 2910.993 2770.238 2952.142 3013.575 3038.61 2637.861 2603.982 2340.527 2698.723 2940.879 2842.322
