YA246_DARK 1 3 4 5 6 7 8 9 10 11 12 13 14 15
angle 0.499 1.495 2.77 -1.782 1.221 1.376 0.224 3.509 -1.277 -0.762 2.058 0.712 1.392 -1.654
whole 325.704 326.961 326.634 325.304 324.052 325.331 327.508 326.365 327.9 330.07 327.809 328.771 330.622 328.737
RPEtoOLM 66.133 66.795 65.58 66.211 65.921 66.454 65.244 66.91 66.726 67.327 66.397 66.903 66.561 66.184
RNFL 41.767 41.23 44.427 42.316 42.081 42.177 42.953 39.972 41.785 40.588 40.239 39.67 39.784 40.901
-3.75 1095.819 1261.022 1062.421 1139.453 903.832 1272.98 1080.919 1316.197 1277.175 1172.081 1176.756 1223.818 1140.573 914.411
-2.5 1327.244 1426.728 1229.113 1400.878 1075.143 1492.925 1277.684 1565.488 1663.419 1481.796 1439.705 1516.98 1433.023 1107.079
-1.25 1895.983 1960.833 1826.374 1982.357 1557.405 2009.605 1897.818 2237.988 2360.842 2170.522 2086.975 2190.277 2270.764 1680.803
0 2639.806 2708.337 2576.052 2761.49 2120.638 2668.293 2575.41 3098.856 3262.079 3085.708 2911.513 3023.443 3169.194 2377.273
1.25 3463.441 3493.976 3425.767 3659.696 2759.264 3403.597 3373.239 3981.655 4218.642 4060.279 3742.698 3875.462 3977.419 3129.31
2.5 3841.591 3893.941 3849.101 4112.745 3079.471 3831.729 3810.183 4411.327 4686.092 4499.477 4147.586 4296.432 4373.059 3485.324
3.75 3978.368 4028.111 3962.117 4281.654 3204.248 3976.23 3962.157 4580.698 4848.228 4669.872 4328.453 4460.828 4552.538 3593.451
5 4054.489 4058.829 4035.791 4318.072 3251.962 4029.891 4024.902 4686.909 4947.217 4733.258 4436.323 4581.356 4673.671 3650.171
6.25 4070.847 4091.471 4114.401 4359.068 3290.828 4072.305 4047.55 4770.068 4978.98 4747.214 4497.549 4537.039 4695.525 3665.719
7.5 3997.752 4024.759 4106.295 4310.877 3255.284 4062.563 3958.789 4697.746 4917.167 4619.507 4439.609 4495.165 4615.999 3599.386
8.75 3695.692 3729.01 3810.898 4041.869 3007.33 3771.121 3658.446 4320.491 4534.929 4258.525 4126.668 4195.856 4244.449 3344.301
10 3116.099 3113.84 3129.765 3443.69 2512.966 3163.356 3085.218 3613.665 3801.22 3577.577 3395.975 3472.54 3552.92 2832.555
11.25 2701.612 2734.583 2718.865 3048.075 2203.967 2721.125 2718.842 3125.945 3310.823 3081.976 2911.289 3049.664 3069.029 2485.635
12.5 2544.531 2534.556 2529.077 2854.488 2058.509 2533.538 2524.747 2909.928 3096.158 2886.463 2706.749 2824.694 2854.286 2315.915
13.75 2486.165 2500.379 2479.74 2801.715 2016.672 2479.486 2457.201 2871.088 3035.454 2853.317 2683.31 2791.127 2818.433 2264.496
15 2471.108 2490.953 2468.675 2800.249 2016.676 2473.496 2460.963 2870.078 3031.868 2838.405 2688.298 2808.693 2814.332 2260.652
16.25 2469.463 2488.977 2489.202 2818.861 2024.835 2479.828 2469.578 2862.585 3031.394 2847.455 2691.588 2789.076 2817.077 2277.984
17.5 2473.312 2505.657 2496.28 2830.101 2027.13 2471.458 2489.72 2866.258 3025.227 2845.63 2704.642 2787.931 2826.413 2302.812
18.75 2496.568 2506.1 2494.09 2835.356 2033.677 2475.219 2489.052 2874.897 3031.561 2854.78 2709.671 2781.341 2805.596 2305.877
20 2491.859 2509.638 2493.515 2824.024 2034.288 2465.356 2482.675 2875.008 3028.313 2837.354 2690.825 2776.866 2790.334 2288.571
21.25 2484.02 2499.053 2468.102 2797.13 2018.567 2435.415 2461.65 2847.066 3012.523 2812.533 2686.027 2744.819 2775.954 2270.569
22.5 2463.091 2495.387 2447.257 2779.022 2005.636 2425.857 2453.23 2815.305 2980.911 2804.211 2674.557 2736.028 2767.187 2252.084
23.75 2450.822 2480.992 2449.81 2766.764 1994.15 2435.396 2440.498 2806.841 2966.445 2796.902 2662.429 2711.041 2750.564 2245.464
25 2455.896 2481.439 2460.637 2777.758 2002.236 2443.243 2432.469 2799.499 2955.185 2794.169 2660.95 2698.945 2732.031 2242.645
26.25 2483.884 2497.113 2477.979 2812.424 2040.724 2464.228 2445.583 2834.37 2981.9 2837.158 2689.529 2716.824 2757.315 2264.583
27.5 2522.152 2516.784 2498.753 2846.065 2076.149 2493.402 2481.181 2872.139 3009.686 2867.288 2724.573 2747.324 2797.059 2286.521
28.75 2536.569 2523.273 2498.666 2863.15 2082.211 2507.721 2497.181 2894.746 3022.294 2880.529 2736.282 2742.235 2803.025 2294.569
30 2546.654 2539.434 2514.588 2865.834 2088.871 2523.023 2504.744 2900.928 3024.775 2885.905 2748.381 2766.586 2818.361 2312.479
31.25 2541.716 2564.566 2535.066 2882.323 2096.431 2554.745 2514.015 2910 3034.567 2890.481 2747.343 2776.989 2821.167 2324.264
32.5 2557.03 2561.568 2533.153 2875.545 2100.211 2559.855 2518.563 2914.408 3040.365 2877.542 2734.214 2788.412 2810.791 2314.455
33.75 2547.46 2550.332 2523.859 2860.211 2104.866 2544.635 2518.223 2910.468 3019.173 2866.556 2725.377 2776.887 2806.094 2311.728
35 2510.27 2506.867 2488.378 2820.177 2072.567 2496.41 2478.207 2861.798 2972.352 2844.899 2710.886 2726.459 2759.31 2274.251
36.25 2413.951 2402.172 2370.39 2684.271 1970.104 2388.257 2340.276 2708.785 2820.064 2689.004 2591.649 2596.769 2618.314 2163.806
37.5 2218.658 2201.925 2187.713 2460.68 1805.231 2200.419 2150.671 2495.554 2580.44 2464.67 2367.609 2380.189 2414.622 1983.418
38.75 2030.725 2021.623 2015.314 2258.063 1660.734 2005.679 1971.285 2300.232 2381.014 2277.231 2175.325 2195.878 2226.063 1826.35
40 1926.175 1916.765 1917.202 2140.783 1568.178 1891.611 1889.186 2180.032 2259.298 2169.634 2070.533 2088.589 2117.667 1756.597
41.25 1883.626 1882.926 1880.457 2093.729 1537.14 1851.741 1857.157 2130.105 2205.384 2114.334 2033.815 2045.678 2076.902 1720.346
42.5 1882.211 1889.168 1867.162 2091.859 1549.041 1858.635 1863.685 2130.893 2206.512 2109.734 2035.944 2050.921 2068.992 1711.869
43.75 1894.297 1890.935 1860.317 2115.362 1566.182 1884.742 1880.427 2141.199 2223.087 2122.722 2046.698 2048.244 2086.032 1723.235
45 1908.486 1893.205 1872.331 2145.138 1566.03 1901.898 1894.023 2167.625 2235.492 2136.335 2063.554 2053.614 2102.226 1735.193
46.25 1937.734 1921.036 1911.088 2197.339 1590.711 1928.172 1939.778 2200.009 2258.316 2166.148 2097.502 2084.485 2123.634 1762.801
47.5 2016.524 1995.166 2014.453 2287.359 1660.771 2018.329 2030.21 2260.581 2330.625 2246.846 2163.048 2158.398 2185.73 1831.325
48.75 2126.695 2094.711 2128.203 2387.247 1754.172 2120.388 2154.455 2357.09 2441.523 2359.831 2263.104 2262.646 2289.462 1918.711
50 2190.039 2180.722 2199.445 2464.098 1823.055 2188.006 2209.561 2438.752 2527.463 2448.778 2346.976 2342.065 2359.715 1974.021
51.25 2212.206 2244.193 2242.699 2521.017 1862.945 2239.25 2237.506 2511.862 2584.565 2500.938 2390.907 2389.735 2408.308 2019.534
52.5 2238.332 2283.972 2275.706 2552.274 1891.032 2263.819 2243.331 2557.18 2624.347 2540.604 2421.809 2425.201 2445.29 2070.144
53.75 2238.879 2268.971 2254.856 2519.575 1869.483 2245.869 2192.827 2554.992 2619.319 2543.235 2437.637 2429.767 2439.722 2075.581
55 2174.987 2191.141 2167.121 2449.643 1810.594 2165.624 2109.293 2470.822 2530.399 2468.998 2380.834 2362.696 2366.932 2010.246
56.25 2038.158 2053.551 2025.017 2330.532 1718.494 2031.306 1975.756 2307.661 2358.003 2305.381 2218.633 2207.208 2194.903 1872.448
57.5 1852.488 1859.857 1851.348 2152.35 1584.614 1850.413 1815.537 2081.307 2142.511 2078.775 2001.47 1983.285 1956.807 1687.045
58.75 1695.872 1684.761 1681.952 2006.143 1445.494 1697.055 1664.665 1847.211 1930.42 1860.815 1798.782 1764.802 1738.469 1517.384
60 1592.903 1593.212 1573.53 1921.267 1364.419 1586.219 1566.126 1733.988 1810.453 1733.826 1677.373 1656.79 1618.631 1418.36
61.25 1539.57 1544.576 1514.445 1846.386 1308.62 1534.765 1524.895 1662.396 1738.553 1657.993 1609.135 1608.645 1579.226 1376.45
62.5 1515.274 1515.524 1486.121 1787.108 1267.505 1495.929 1452.55 1603.468 1697.282 1633.919 1570.973 1581.693 1565.199 1358.966
63.75 1485.16 1489.738 1428.293 1740.526 1244.056 1469.541 1387.653 1601.95 1684.566 1618.478 1574.67 1561.916 1572.982 1343.779
65 1471.712 1470.398 1412.227 1702.215 1242.887 1438.35 1398.534 1612.651 1677.656 1611.227 1572.912 1562.644 1567.799 1319.651
66.25 1457.103 1461.167 1460.193 1673.185 1245.397 1436.985 1394.061 1622.24 1665.761 1612.47 1578.306 1580.347 1587.773 1317.633
67.5 1461.429 1474.152 1495.737 1659.347 1242.561 1432.73 1350.516 1639.256 1678.821 1622.034 1606.935 1587.321 1593.384 1332.818
68.75 1464.943 1488.53 1495.125 1638.556 1233.128 1444.705 1384.073 1656.925 1680.997 1622.608 1610.163 1596.509 1600.703 1344.065
70 1451.236 1477.103 1462.473 1632.345 1229.755 1439.908 1389.226 1661.745 1671.423 1612.832 1613.805 1590.199 1600.674 1344.733
71.25 1440.725 1461.399 1410.666 1631.057 1221.335 1423.22 1330.41 1664.172 1659.07 1603.869 1614.729 1579.777 1591.123 1333.575
72.5 1424.303 1447.373 1409.338 1620.009 1210.054 1411.433 1307.954 1636.605 1647.274 1593.088 1597.743 1556.446 1577.976 1330.206
73.75 1424.428 1446.596 1430.174 1618.22 1212.882 1404.644 1322.649 1617.255 1639.026 1584.11 1576.211 1551.759 1568.246 1327.222
75 1470.909 1500.624 1484.305 1677.667 1245.179 1471.261 1455.976 1665.037 1674.52 1622.063 1612.463 1610.789 1603.741 1349.907
76.25 1608.007 1621.136 1621.486 1802.577 1354.273 1614.593 1579.294 1805.747 1791.614 1753.952 1761.355 1738.11 1727.592 1455.489
77.5 1673.153 1660.172 1664.961 1847.899 1408.703 1647.932 1632.297 1869.298 1855.467 1803.301 1829.023 1764.162 1773.399 1503.052
78.75 1617.551 1597.987 1601.7 1788.543 1368.261 1579.805 1554.513 1810.802 1791.89 1746.945 1773.85 1704.673 1714.161 1453.71
80 1567.319 1567.057 1582.93 1772.877 1322.183 1556.679 1626.152 1750.374 1744.669 1689.48 1736.127 1669.353 1672.353 1409.591
81.25 1693.238 1778.702 1824.433 2027.795 1457.825 1817.932 2065.8 1869.775 1841.733 1799.886 1866.621 1754.712 1768.909 1456.777
82.5 2197.163 2344.941 2539.935 2671.027 2025.293 2582.279 2813.586 2429.257 2291.246 2261.777 2329.215 2247.011 2170.608 1737.067
83.75 2993.623 3146.083 3443.514 3641.153 2869.946 3565.333 3655.409 3268.025 2960.056 2976.984 3011.827 2982.794 2796.319 2234.894
85 3634.806 3722.428 4084.45 4272.117 3558.497 4234.117 4135.463 3898.628 3576.231 3476.564 3537.25 3498.324 3310.38 2676.27
86.25 3833.136 3785.33 4163.337 4360.05 3733.219 4304.288 4107.481 3973.038 3699.058 3515.239 3600.657 3494.611 3362.715 2765.136
87.5 3462 3334.533 3693.022 3859.129 3370.474 3788.958 3652.117 3485.242 3326.355 3100.612 3172.943 3053.015 2956.966 2496.79
88.75 2877.884 2757.058 3063.61 3182.91 2758.21 3123.893 3101.17 2858.937 2779.638 2620.78 2628.28 2535.966 2446.813 2094.57
90 2563.072 2561.18 2868.675 2950.079 2503.601 2939.011 3026.255 2599.844 2442.057 2340.176 2404.278 2338.783 2244.551 1874.785
91.25 2721.301 2755.95 3179.029 3137.727 2781.791 3263.539 3275.915 2755.683 2481.661 2415.091 2509.602 2442.228 2313.075 1888.643
92.5 2957.639 2946.096 3464.497 3360.389 3093.462 3535.193 3494.609 2973.554 2693.727 2673.423 2703.027 2646.668 2505.002 2064.266
93.75 3077.608 3077.3 3497.139 3495.038 3131.19 3540.46 3484.856 3243.545 3076.843 3091.442 3030.559 2989.262 2855.083 2382.223
95 3231.888 3278.005 3461.511 3670.185 3031.691 3471.941 3449.77 3637.864 3527.266 3554.365 3444.743 3424.682 3332.092 2791.72
96.25 3535.899 3584.7 3637.443 3998.31 3094.188 3594.267 3590.666 4068.221 3951.193 4013.619 3881.267 3868.67 3763.594 3169.487
97.5 3873.61 3951.559 3942.915 4357.28 3317.847 3861.78 3814.119 4519.62 4363.873 4441.05 4339.309 4237.336 4137.629 3503.096
98.75 4187.522 4224.721 4236.431 4624.47 3528.598 4136.739 4117.6 4799.566 4660.644 4707.679 4747.104 4522.064 4458.202 3747.576
100 4362.122 4285.421 4331.287 4675.436 3660.027 4267.749 4236.723 4825.943 4763.459 4722.6 4895.419 4538.351 4570.042 3799.357
101.25 4257.24 4095.77 4162.83 4465.309 3591.169 4119.359 4108.585 4570.948 4508.041 4463.522 4690.95 4323.48 4383.815 3597.564
102.5 3945.948 3823.503 3906.45 4153.956 3389.952 3858.136 3865.681 4266.64 4123.176 4114.341 4364.604 4010.946 4034.191 3289.382
103.75 3629.014 3505.077 3608.294 3798.421 3146.651 3563.911 3577.633 3902.835 3726.766 3751.542 4044.042 3660.746 3663.649 2968.091
105 3321.86 3186.685 3308.072 3446.612 2880.512 3262.053 3315.817 3549.654 3350.744 3400.544 3713.782 3322.046 3322.28 2663.842
106.25 3103.405 3010.423 3112.037 3237.123 2689.394 3063.521 3110.888 3339.81 3099.503 3167.576 3483.073 3106.402 3082.587 2471.218
107.5 2984.175 2906.692 2990.356 3126.347 2589.58 2944.261 2987.853 3200.013 2952.44 3028.431 3340.521 2968.897 2933.562 2355.896
