YA246_LIGHT-dim 1 2 4 5
angle 3.25 0.567 0.896 -0.189
whole 332.027 334.093 332.374 330.679
RPEtoOLM 67.072 67.393 68.119 67.669
RNFL 38.96 41.418 37.169 39.118
-3.75 989.258 809.983 1142.793 844.47
-2.5 1120.202 950.554 1315.178 1028.204
-1.25 1618.563 1545.367 1897.831 1419.979
0 2280.517 2426.499 2681.224 1894.27
1.25 3014.364 3391.868 3515.124 2434.086
2.5 3452.625 3680.214 3951.413 2776.587
3.75 3643.971 3586.633 4188.148 2908.496
5 3755.2 3513.95 4263.015 3012.53
6.25 3799.29 3484.276 4225.36 3018.814
7.5 3710.845 3443.01 4140.479 2968.04
8.75 3458.007 3263.893 3883.79 2781.257
10 2952.079 2829.586 3320.337 2368.819
11.25 2623.547 2467.914 2887.751 2089.941
12.5 2430.793 2236.563 2680.511 1951.348
13.75 2387.773 2149.454 2628.492 1910.6
15 2386.305 2124.663 2629.472 1899.659
16.25 2409.875 2134.956 2642.661 1906.478
17.5 2438.681 2154.048 2653.569 1915.033
18.75 2434.903 2172.323 2657.8 1915.266
20 2435.539 2193.828 2670.468 1917.236
21.25 2426.39 2208.023 2652.521 1909.398
22.5 2394.827 2189.992 2604.152 1891.926
23.75 2353.233 2166.043 2564.883 1868.84
25 2359.987 2162.654 2595.812 1868.497
26.25 2409.247 2184.897 2638.44 1885.643
27.5 2422.635 2193.097 2656.549 1905.735
28.75 2429.024 2198.859 2676.196 1929.111
30 2459.392 2230.409 2676.141 1945.959
31.25 2484.034 2257.943 2689.346 1954.087
32.5 2488.689 2248.03 2700.136 1972.944
33.75 2496.077 2245.145 2712.244 1961.938
35 2475.433 2237.677 2694.397 1939.145
36.25 2345.961 2134.635 2560.649 1854.304
37.5 2149.149 1969.641 2338.435 1714.594
38.75 1964.866 1810.507 2126.528 1581.571
40 1858.973 1705.878 2010.83 1507.536
41.25 1814.896 1664.775 1979.918 1476.094
42.5 1823.832 1658.123 1979.521 1459.327
43.75 1855.108 1665.475 1997.34 1456.112
45 1887.347 1685.799 2036.854 1471.872
46.25 1933.631 1740.213 2104.86 1506.754
47.5 2054.479 1826.205 2209.517 1583.341
48.75 2145.737 1922.857 2290.326 1653.37
50 2201.556 1974.431 2341.22 1700.557
51.25 2218.041 1988.184 2362.463 1715.969
52.5 2210.202 1991.398 2367.53 1710.922
53.75 2179.159 1983.096 2328.57 1698.655
55 2081.284 1927.882 2203.139 1654.787
56.25 1873.344 1817.142 2008.61 1578.88
57.5 1677.079 1678.104 1845.175 1468.665
58.75 1561.327 1559.921 1729.759 1367.79
60 1470.296 1490.577 1605.841 1296.312
61.25 1432.982 1431.027 1511.489 1256.949
62.5 1403.768 1393.407 1454.439 1243.963
63.75 1357.648 1372.561 1439.964 1218.124
65 1394.171 1355.723 1498.337 1177.902
66.25 1439.361 1353.913 1492.021 1147.14
67.5 1409.51 1342.864 1439.368 1125.624
68.75 1424.934 1336.79 1434.719 1139.562
70 1428.464 1333.986 1443.323 1117.008
71.25 1416.438 1319.214 1475.654 1047.831
72.5 1415.107 1310.143 1415.013 1053.753
73.75 1335.054 1313.881 1450.043 1060.075
75 1365.221 1348.17 1530.523 1129.886
76.25 1560.083 1501.865 1666.442 1252.936
77.5 1634.855 1584.515 1726.27 1306.963
78.75 1578.764 1517.407 1675.217 1248.595
80 1514.629 1434.049 1617.846 1228.665
81.25 1624.368 1529.776 1760.785 1408.81
82.5 2050.775 2108.86 2274.453 1912.692
83.75 2712.409 3029.561 3048.719 2568.393
85 3274.347 3933.461 3694.88 3126.018
86.25 3381.372 4248.422 3800.399 3262.666
87.5 3025.885 3911.408 3335.679 2980.309
88.75 2478.348 3210.505 2686.241 2444.209
90 2166.959 2755.144 2379.34 2208.401
91.25 2255.161 3076.59 2487.681 2470.68
92.5 2525.76 3642.643 2746.858 2768.823
93.75 2871.098 3950.855 3091.148 2870.54
95 3259.75 3900.649 3467.657 2818.117
96.25 3621.473 3690.408 3820.113 2800.616
97.5 4029.836 3630.347 4259.992 3010.066
98.75 4374.096 3832.896 4605.957 3245.019
100 4452.882 3966.216 4659.28 3360.432
101.25 4238.843 3839.606 4420.258 3236.303
102.5 3909 3571.783 4052.884 3053.733
103.75 3558.821 3283.199 3624.334 2841.117
105 3277.551 2993.693 3238.664 2617.285
106.25 3129.371 2791.454 3018.084 2485.951
107.5 3006.357 2679.41 2868.399 2394.485
