YA246_LIGHT 1 3 4 5 6 7 8 9 10 11 13 15
angle -0.301 -0.497 -0.989 1.496 -0.314 1.292 1.709 0.7 -0.428 0.989 0.223 1.159
whole 327.811 326.24 324.869 326.491 327.125 327.187 326.995 327.443 327.922 328.121 328.218 328.775
RPEtoOLM 66.977 65.544 65.362 66.752 65.797 67.076 66.888 66.416 66.341 66.375 66.72 65.055
RNFL 42.007 42.108 41.254 42.342 39.559 41.768 43.521 40.779 41.494 42.004 39.082 40.757
-3.75 1121.257 922.363 1110.065 1280.881 1158.621 1021.342 1212.18 1197.157 936.564 908.079 1423.579 861.049
-2.5 1359.406 1067.34 1344.811 1536.234 1473.322 1288.235 1428.886 1442.513 1077.775 1133.605 1745.64 1070.949
-1.25 1873.919 1482.27 1842.135 2096.278 2075.854 1866.999 2002.09 2044.765 1592.95 1695.219 2399.826 1739.721
0 2597.265 2030.378 2556.053 2827.749 2825.233 2523.839 2718.464 2865.328 2257.381 2405.903 3223.015 2747.88
1.25 3455.157 2686.405 3389.713 3618.384 3571.175 3233.21 3534.49 3710.124 3002.54 3241.923 3981.331 3637.765
2.5 3774.393 2968.135 3800.307 4044.163 3989.829 3575.9 3880.67 4160.856 3354.224 3657.647 4398.062 4156.37
3.75 3852.925 3024.995 3918.289 4198.922 4103.276 3694.698 3916.573 4287.065 3497.325 3771.7 4523.355 4402.621
5 3910.821 3078.934 3966.389 4296.011 4149.659 3743.136 3901.249 4313.597 3545.7 3863.935 4586.196 4539.579
6.25 3925.272 3103.523 4036.779 4339.039 4151.803 3773.785 3927.569 4329.288 3573.315 3881.757 4604.646 4523.54
7.5 3856.373 3061.538 3986.972 4260.891 4053.523 3742.569 3905.643 4237.463 3493.529 3819.893 4506.407 4447.091
8.75 3578.642 2844.022 3685.553 3940.721 3786.859 3458.308 3617.605 3908.841 3253.478 3571.005 4199.118 4091.869
10 3017.785 2402.547 3138.49 3347.79 3202.158 2878.223 3036.393 3322.087 2740.554 3053 3530.903 3397.348
11.25 2653.054 2097.221 2734.709 2919.419 2783.809 2518.034 2674.366 2905.206 2388.82 2663.443 3064.707 2935.685
12.5 2473.788 1959.779 2571.926 2707.27 2614.892 2334.34 2441.779 2732.83 2239.686 2471.6 2864.005 2716.561
13.75 2421.888 1922.366 2529.846 2648.765 2553.858 2283.965 2388.924 2681.215 2221.63 2427.828 2800.941 2690.982
15 2408.691 1921.209 2542.561 2643.003 2542.043 2287.331 2376.532 2671.83 2230.018 2454.869 2804.71 2717.166
16.25 2411.565 1925.293 2535.292 2659.267 2553.507 2289.959 2368.345 2679.917 2223.952 2459.444 2808.667 2739.061
17.5 2401.348 1937.335 2540.23 2686.64 2583.43 2311.299 2366.974 2695.198 2232.689 2467.781 2837.37 2751.876
18.75 2394.682 1945.403 2546.172 2695.282 2588.719 2326.186 2364.584 2699.899 2253.316 2481.808 2855.838 2753.047
20 2389.133 1940.173 2545.663 2695.02 2585.082 2313.02 2369.947 2691.627 2248.941 2491.764 2846.392 2741.988
21.25 2389.348 1921.456 2522.815 2676.722 2563.662 2300.582 2377.346 2693.509 2227.847 2470.873 2816.461 2735.529
22.5 2380.512 1904.906 2501.739 2656.785 2539.972 2281.32 2374.132 2688.215 2198.554 2462.812 2800.907 2751.415
23.75 2363.691 1888.995 2493.358 2644.471 2509.712 2263.314 2336.057 2682.405 2187.691 2444.489 2803.437 2738.393
25 2357.603 1896.063 2506.512 2653.715 2512.304 2252.147 2321.507 2674.737 2185.984 2438.4 2828.233 2730.123
26.25 2408.08 1912.857 2514.354 2703.146 2554.046 2263.31 2351.728 2702.698 2195.098 2473.163 2852.5 2761.18
27.5 2445.593 1931.43 2533.828 2730.328 2611.137 2281.476 2386.062 2744.646 2237.064 2508.578 2869.199 2774.759
28.75 2433.32 1941.016 2528.689 2742.814 2627.028 2308.097 2398.891 2754.729 2267.605 2540.11 2880.479 2792.572
30 2430.711 1945.099 2535.527 2770.626 2640.853 2343.249 2414.191 2759.353 2252.886 2564.639 2907.034 2827.013
31.25 2423.902 1948.159 2574.954 2792.649 2654.071 2350.522 2432.988 2798.081 2255.169 2586.367 2935.102 2882.677
32.5 2448.012 1949.939 2594.131 2790.048 2655.202 2354.437 2432.492 2818.629 2276.191 2599.478 2941.554 2884.139
33.75 2441.928 1947.15 2570.321 2779.036 2640.703 2349.255 2427.056 2811.874 2300.217 2591.298 2934.329 2847.796
35 2423.213 1918.433 2539.385 2746.376 2612.827 2315.108 2409.223 2780.642 2288.415 2571.225 2906.627 2789.997
36.25 2315.958 1808.448 2435.804 2616.622 2458.437 2195.098 2304.355 2638.356 2163.59 2442.549 2746.061 2640.304
37.5 2111.841 1653.234 2221.45 2392.835 2238.402 2016.98 2096.296 2403.14 1958.529 2217.447 2498.707 2393.605
38.75 1922.989 1517.099 2030.633 2204.558 2060.989 1834.32 1917.947 2192.128 1795.04 2042.678 2309.696 2210.93
40 1822.405 1439.663 1934.604 2108.921 1951.746 1734.373 1813.354 2076.107 1704.976 1949.586 2213.366 2110.716
41.25 1785.678 1426.966 1892.655 2072.703 1919.273 1704.48 1771.035 2048.758 1677.239 1906.799 2164.763 2049.379
42.5 1774.202 1429.36 1884.734 2067.878 1925.232 1708.986 1775.11 2045.709 1673.879 1909.744 2139.656 2088.3
43.75 1784.842 1435.958 1899.305 2076.201 1925.629 1723.749 1789.109 2053.611 1674.161 1917.986 2138.123 2095.316
45 1803.829 1455.325 1911.942 2094.422 1931.481 1736.162 1805.424 2077.637 1684.778 1930.796 2150.987 2098.036
46.25 1822.683 1479.582 1932.134 2126.351 1976.63 1774.047 1824.34 2105.424 1714.312 1973.737 2180.262 2182.313
47.5 1889.691 1563.852 2008.034 2205.886 2047.349 1853.268 1887.454 2177.957 1797.683 2061.859 2271.466 2293.955
48.75 1995.601 1634.513 2116.63 2329.538 2135.65 1945.107 2012.606 2300.129 1889.459 2163.074 2407.449 2392.314
50 2069.515 1659.344 2191.961 2403.627 2207.197 1991.913 2085.863 2390.177 1939.862 2235.734 2508.362 2465.54
51.25 2115.98 1680.865 2231.307 2446.851 2255.132 2005.427 2101.644 2440.815 1969.678 2260.841 2543.914 2491.429
52.5 2131.416 1669.266 2244.054 2475.058 2283.249 2011.527 2105.221 2462.276 1972.854 2276.809 2567.229 2458.518
53.75 2090.891 1659.431 2228.271 2467.967 2263.849 1983.785 2082.573 2429.582 1948.832 2281.864 2573.328 2405.787
55 2022.97 1631.907 2163.21 2404.011 2202.214 1935.985 2017.594 2345.61 1917.787 2236.189 2504.527 2323.314
56.25 1912.246 1549.379 2050.938 2277.578 2055.967 1846.14 1920.206 2218.253 1814.758 2101.929 2351.466 2065.202
57.5 1758.557 1437.198 1889.245 2092.005 1884.569 1706.299 1785.539 2039.55 1652.067 1917.315 2134.461 1748.027
58.75 1615.291 1346.37 1740.701 1915.897 1724.414 1578.459 1647.831 1877.12 1495.018 1763.023 1935.642 1583.672
60 1514.682 1272.897 1639.354 1824.593 1622.937 1501.747 1556.849 1763.553 1418.199 1665.879 1819.714 1527.855
61.25 1456.222 1229.001 1579.828 1771.686 1560.157 1444.778 1495.163 1691.179 1367.433 1609.84 1749.744 1533.176
62.5 1429.562 1214.041 1537.858 1727.815 1514.287 1418.429 1446.302 1644.466 1331.457 1582.652 1702.489 1583.094
63.75 1400.708 1181.252 1497.695 1690.078 1490.715 1393.08 1421.165 1616.925 1320.586 1566.532 1697.559 1497.236
65 1391.524 1169.467 1455.202 1675.881 1487.318 1366.043 1400.924 1606.518 1317.89 1542.949 1702.738 1390.907
66.25 1381.489 1173.327 1444.56 1674.779 1483.587 1371.3 1402.761 1606.742 1308.26 1528.518 1703.855 1475.592
67.5 1379.893 1183.547 1443.978 1676.01 1483.727 1357.65 1395.902 1614.086 1299.751 1529.796 1715.933 1510.425
68.75 1379.938 1182.375 1450.493 1683.332 1484.85 1351.893 1393.857 1613.032 1289.583 1537.871 1711.368 1542.758
70 1364.383 1170.474 1434.858 1677.298 1474.904 1336.347 1391.801 1594.22 1301.559 1532.031 1704.069 1554.655
71.25 1353.031 1158.267 1434.505 1664.844 1457.241 1333.832 1369.874 1577.288 1284.709 1516.474 1689.674 1357.95
72.5 1329.048 1163.462 1432.614 1646.475 1437.614 1334.762 1356.906 1570.093 1263.073 1509.903 1678.998 1381.312
73.75 1321.226 1192.767 1419.85 1647.076 1443.517 1334.853 1355.466 1564.07 1274.716 1512.846 1672.997 1403.796
75 1373.347 1225.553 1464.677 1685.952 1530.586 1380.49 1400.825 1610.593 1306.727 1577.927 1738.622 1564.417
76.25 1510.589 1325.03 1594.011 1817.974 1669.514 1512.639 1550.905 1760.437 1426.139 1707.311 1876.082 1792.099
77.5 1551.041 1338.405 1653.498 1893.026 1690.27 1583.254 1645.578 1832.292 1470.732 1752.978 1942.538 1802.597
78.75 1503.541 1288.579 1604.02 1838.062 1642.68 1522.533 1581.664 1777.345 1425.535 1700.995 1872.521 1719.354
80 1466.178 1269.279 1569.447 1783.447 1628.853 1442.791 1501.093 1735.066 1408.782 1664.563 1844.932 1689.669
81.25 1613.546 1446.572 1765.374 1983.761 1860.449 1531.041 1636.884 1942.571 1551.335 1862.639 2026.068 2040.09
82.5 2235.969 1970.791 2379.553 2755.458 2554.194 2127.356 2311.758 2690.812 2103.987 2560.013 2708.55 2706.884
83.75 3031.89 2704.598 3212.398 3879.158 3478.374 3142.744 3356.799 3696.995 2918.302 3487.198 3721.888 3649.221
85 3628.43 3227.888 3926.874 4713.055 4108.855 4087.06 4354.166 4430.011 3471.784 4182.456 4525.626 4277.268
86.25 3750.723 3296.383 4097.39 4908.873 4137.255 4399.76 4707.83 4463.278 3541.704 4268.361 4630.948 4353.698
87.5 3328.949 2924.654 3660.073 4388.726 3585.216 3987.335 4346.414 3910.452 3107.173 3770.83 4053.601 3869.172
88.75 2689.849 2414.117 3001.486 3582.316 2908.362 3183.845 3499.231 3185.203 2518.323 3071.342 3275.691 3148.735
90 2431.443 2237.744 2670.095 3209.01 2726.54 2821.367 3036.873 2896.264 2255.702 2768.602 3004.451 2808.745
91.25 2640.053 2521.726 2814.733 3501.862 2993.686 3234.993 3365.972 3121.782 2425.165 2969.8 3180.074 2919.738
92.5 2837.328 2782.053 3030.245 3904.983 3187.16 3680.845 3882.237 3360.337 2627.659 3215.674 3409.089 3126.522
93.75 2919.56 2799.279 3153.651 4018.04 3272.399 3768.944 4036.053 3474.574 2738.63 3363.12 3578.984 3325.887
95 3041.713 2717.49 3286.113 3979.073 3340.239 3552.52 3837.435 3663.781 2906.979 3607.576 3811.064 3628.806
96.25 3256.303 2728.51 3516.628 4083.327 3616.224 3379.046 3619.557 3958.302 3167.456 3894.071 4141.027 4029.358
97.5 3539.646 2839.884 3822.826 4391.123 3941.471 3498.527 3694.223 4315.986 3461.257 4246.75 4578.889 4422.887
98.75 3802.892 3016.238 4113.1 4694.72 4221.993 3720.748 3927.849 4663.58 3674.344 4543.219 4938.715 4838.691
100 3937.622 3092.781 4247.543 4848.3 4339.316 3900.358 4091.922 4810.078 3781.632 4643.825 5066.891 5086.993
101.25 3797.731 2978.648 4102.588 4731.823 4186.048 3826.079 4006.871 4631.525 3638.643 4447.9 4904.035 4993.793
102.5 3518.943 2765.486 3802.322 4456.042 3907.224 3594.343 3764.46 4291.499 3358.578 4150.095 4597.291 4641.992
103.75 3219.754 2547.788 3465.877 4095.82 3579.697 3316.206 3479.316 3927.251 3036.74 3815.516 4182.05 4210.371
105 2915.055 2316.15 3115.972 3722.901 3252.217 3012.087 3142.159 3568.929 2711.808 3458.565 3774.415 3786.861
106.25 2695.341 2162.937 2898.113 3484.81 3028.073 2785.058 2901.561 3331.812 2508.703 3227.813 3530.773 3478.043
107.5 2570.512 2077.788 2787.388 3346.642 2898.483 2661.317 2757.07 3187.201 2402.863 3097.105 3382.176 3305.522
