YA226_LIGHT 1 2 3 5 6 7 8 9 10 11 12 13 14 15
angle 2.297 2.713 2.722 3.689 3.212 4.298 2.447 4.084 2.574 2.646 1.097 2.572 3.317 2.643
whole 339.698 339.879 341.901 340.583 340.455 341.275 342.802 340.417 341.594 341.876 341.225 341.636 340.533 340.826
RPEtoOLM 74.503 73.768 74.617 74.081 73.783 73.915 74.419 73.501 73.914 73.818 73.607 73.117 74.453 73.737
RNFL 36.433 39.142 38.899 37.41 38.52 37.343 39.082 38.499 38.993 39.562 38.974 40.727 36.357 38.038
-3.75 1023.29 812.034 860.064 1074.899 850.29 767.617 983.257 751.291 717.576 639.533 788.422 958.114 970.18 870.638
-2.5 1203.787 1022.559 1061.349 1307.567 1044.898 1039.234 1189.118 883.409 846.382 844.271 915.862 1015.568 1126.408 1156.904
-1.25 1615.031 1576.266 1613.236 1832.215 1581.645 1507.314 1796.026 1288.173 1391.372 1348.57 1431.049 1648.788 1490.985 1705.72
0 2204.401 2300.582 2366.126 2502.301 2285.544 2111.506 2684.797 1778.907 1985.286 1988.726 2134.399 2396.004 1996.136 2375.907
1.25 2866.245 3041.261 3066.084 3144.478 3040.43 2742.781 3590.337 2324.276 2641.74 2652.105 2832.765 3164.958 2529.237 3075.312
2.5 3193.328 3444.754 3422.114 3533.196 3436.008 3088.271 3956.968 2630.162 2986.624 2981.11 3226.478 3621.888 2817.517 3489.289
3.75 3316.654 3630.782 3577.148 3709.888 3584.383 3244.519 3945.912 2795.139 3165.17 3130.479 3392.925 3804.69 2933.639 3654.085
5 3398.733 3711.338 3696.751 3836.051 3705.591 3366.686 3926.312 2871.372 3269.712 3241.369 3478.207 3898.952 3020.729 3825.62
6.25 3451.072 3759.676 3776.033 3901.021 3759.545 3397.545 3956.469 2945.297 3301.572 3263.16 3502.036 3980.775 3060.033 3901.926
7.5 3394.4 3737.099 3717.731 3811.514 3704.265 3348.183 3916.44 2928.329 3264.977 3208.887 3461.393 3919.876 3010.83 3826.528
8.75 3111.036 3470.177 3471.402 3545.612 3417.593 3106.787 3660.527 2694.419 3012.896 3012.262 3184.34 3631.988 2755.803 3522.181
10 2624.585 2863.454 2849.789 2957.316 2870.538 2581.617 3029.087 2245.588 2514.531 2456.797 2627.083 2999.466 2352.202 2958.654
11.25 2254.582 2440.867 2444.143 2548.427 2467.496 2220.277 2618.348 1950.73 2171.388 2116.788 2282.446 2633.031 2049.543 2528.571
12.5 2126.778 2325.337 2301.205 2410.844 2308.077 2082.795 2425.884 1840.152 2060.893 1988.53 2155.137 2466.242 1947.466 2375.551
13.75 2116.898 2291.409 2270.473 2378.484 2275.944 2057.841 2385.881 1812.571 2042.082 1957.336 2118.714 2416.006 1920.741 2342.283
15 2106.37 2276.919 2250.853 2363.813 2261.074 2045.338 2353.551 1796.852 2021.353 1956.311 2110.945 2405.321 1907.159 2322.315
16.25 2089.78 2278.577 2267.367 2363.688 2270.858 2035.608 2349.45 1805.654 2022.642 1957 2117.199 2407.309 1914.165 2347.986
17.5 2078.616 2300.834 2286.11 2352.814 2284.227 2041.921 2372.742 1834.989 2061.466 1963.655 2152.665 2418.273 1916.216 2380.211
18.75 2086.658 2328.552 2308.946 2334.879 2288.764 2043.653 2382.07 1857.611 2088.627 1972.154 2185.577 2423.476 1917.423 2409.355
20 2066.262 2324.836 2296.277 2331.154 2271.698 2050.233 2371.453 1848.724 2093.688 1963.402 2168.615 2421.429 1923.528 2398.87
21.25 2064.244 2288.63 2263.458 2341.661 2245.982 2046.731 2365.814 1823.619 2055.563 1959.813 2139.092 2386.888 1922.939 2372.562
22.5 2073.625 2270.099 2250.66 2354.277 2253.666 2041.178 2359.675 1801.496 2025.392 1959.267 2117.316 2371.378 1916.564 2345.869
23.75 2073.989 2265.093 2239.224 2339.736 2254.748 2033.238 2349.479 1790.543 2022.97 1955.018 2114.343 2382.738 1899.009 2326.782
25 2068.205 2264.208 2232.752 2337.034 2251.688 2033.799 2345.116 1799.931 2022.661 1950.216 2108.851 2396.65 1894.158 2323.656
26.25 2086.617 2279.027 2250.461 2361.495 2254.826 2061.82 2351.607 1806.386 2031.683 1951.575 2100.694 2444.183 1899.506 2344.063
27.5 2102.654 2306.058 2268.954 2391.27 2263.805 2076.935 2377.391 1822.86 2054.319 1960.983 2125.544 2463.68 1932.097 2371.514
28.75 2135.261 2323.263 2289.802 2423.341 2273.438 2096.061 2393.381 1852.534 2069.693 1994.941 2147.997 2476.761 1955.877 2393.769
30 2171.729 2348.36 2317.554 2445.969 2297.017 2119.229 2414.449 1874.377 2096.625 2032.284 2184.815 2497.711 1964.086 2415.818
31.25 2195.481 2363.77 2335.121 2463.251 2315.002 2135.026 2442.132 1886.464 2116.161 2055.67 2190.137 2514.33 1981.603 2436.801
32.5 2202.788 2375.03 2332.489 2468.215 2301.139 2152.117 2456.891 1889.437 2120.09 2076.266 2182.334 2516.523 1986.797 2426.859
33.75 2201.737 2365.898 2321.519 2469.704 2291.779 2154.543 2435.363 1880.974 2109.051 2071.348 2158.893 2507.818 1982.104 2405.302
35 2175.132 2332.877 2285.959 2428.835 2270.04 2127.139 2392.965 1847.277 2076.141 2045.601 2090.958 2451.889 1948.725 2365.361
36.25 2061.382 2222.743 2154.77 2297.825 2155.732 2009.809 2290.704 1747.748 1967.27 1946.99 1980.181 2298.258 1851.713 2251.545
37.5 1912.289 2045.343 1988.811 2117.609 1986.286 1839.224 2109.762 1617.157 1812.584 1787.936 1837.093 2118.373 1713.363 2092.966
38.75 1787.327 1896.106 1837.968 1977.243 1841.859 1708.603 1956.417 1509.688 1686.777 1664.775 1714.26 1983.294 1607.411 1958.457
40 1698.643 1793.008 1741.277 1883.106 1748.592 1619.611 1858.663 1441.057 1622.773 1586.08 1639.704 1890.662 1534.464 1856.17
41.25 1649.901 1752.781 1694.551 1830.542 1694.699 1570.627 1818.523 1413.626 1588.489 1548.607 1596.521 1841.492 1495.117 1808.18
42.5 1638.752 1742.399 1688.618 1818.479 1686.627 1557.871 1809.302 1394.847 1587.499 1538.261 1564.904 1836.489 1480.572 1788.155
43.75 1635.259 1736.704 1689.346 1825.248 1698.638 1564.321 1804.062 1393.422 1577.116 1534.028 1565.046 1835.5 1489.42 1790.373
45 1636.649 1740.697 1699.61 1827.057 1700.455 1571.106 1807.649 1404.573 1581.732 1542.49 1587.87 1840.517 1501.272 1814.761
46.25 1668.994 1768.39 1725.431 1843.129 1718.455 1581.219 1849.758 1433.257 1619.544 1569.997 1629.562 1924.446 1528.618 1844.292
47.5 1738.685 1818.595 1773.085 1904.282 1777.79 1625.133 1926.988 1483.014 1669.792 1633.348 1667.33 2013.806 1588.795 1898.089
48.75 1824.787 1889.703 1831.133 1990.792 1857.32 1700.206 2003.611 1538.365 1727.839 1720.538 1750.938 2081.355 1649.217 1958.636
50 1894.541 1974.429 1901.726 2074.136 1936.76 1770.637 2076.319 1602.956 1806.74 1781.882 1844.752 2159.804 1703.412 2030.871
51.25 1951.983 2063.094 1984.811 2148.085 2000.662 1841.332 2143.712 1667.328 1881.666 1835.164 1906.386 2235.439 1754.365 2121.862
52.5 1994.908 2114.411 2045.833 2191.809 2027.791 1884.094 2182.486 1694.204 1918.719 1881.397 1928.49 2268.06 1788.086 2191.624
53.75 1989.438 2109.29 2038.939 2175.875 2021.829 1861.837 2166.502 1679.938 1904.962 1884.494 1925.545 2246.956 1784.771 2194.567
55 1914.144 2060.049 1968.673 2106.549 1971.022 1795.07 2099.207 1620.418 1845.084 1844.42 1858.155 2169.052 1731.991 2126.163
56.25 1805.751 1944.108 1857.571 1984.324 1850.489 1690.491 1989.117 1511.865 1712.595 1750.226 1737.218 2026.255 1640.748 2008.052
57.5 1678.284 1795.883 1719.31 1822.049 1691.399 1551.174 1835.884 1394.226 1541.733 1611.179 1578.694 1824.305 1520.507 1861.683
58.75 1525.857 1636.246 1557.714 1653.897 1531.921 1395.479 1685.188 1248.442 1393.854 1485.601 1464.154 1669.752 1402.838 1693.7
60 1441.046 1539.259 1472.315 1544.007 1434.461 1303.045 1583.875 1168.708 1305.554 1412.839 1352.767 1519.831 1325.476 1584.752
61.25 1373.723 1482.447 1416.178 1477.53 1381.578 1248.616 1524.618 1140.771 1273 1357.098 1262.336 1487.478 1285.243 1526.938
62.5 1336.039 1459.851 1377.23 1453.557 1348.411 1207.552 1495.652 1140.617 1249.125 1324.729 1145.564 1463.691 1256.547 1495.179
63.75 1332.15 1430.587 1360.375 1427.912 1319.557 1203.624 1470.695 1120.222 1206.672 1282.572 1123.074 1492.173 1229.734 1474.719
65 1326.541 1389.174 1331.673 1413.715 1297.497 1197.187 1442.27 1056.852 1227.87 1278.216 1107.531 1473.348 1222.307 1455.818
66.25 1317.125 1370.641 1315.398 1401.948 1299.891 1187.145 1424.769 1058.83 1194.018 1270.668 1078.323 1439.924 1216.498 1434.374
67.5 1311.092 1373.866 1307.747 1394.567 1299.377 1195.798 1414.343 1098.067 1160.795 1259.084 1079.862 1366.227 1212.099 1433.948
68.75 1302.099 1369.88 1300.815 1401.983 1293.537 1207.835 1393.324 1062.591 1133.075 1241.105 1039.526 1403.96 1207.054 1424.587
70 1289.699 1353.679 1298.278 1399.358 1274.223 1203.905 1375.029 1079.888 1165.137 1224.209 992.519 1349.295 1186.007 1413.987
71.25 1266.539 1334.049 1283.583 1379.791 1255.742 1184.728 1358.06 1063.898 1128.506 1210.491 900.495 1357.023 1168.503 1398.484
72.5 1231.209 1316.882 1263.877 1359.884 1232.308 1169.323 1336.748 1034.751 1059.822 1210.929 857.261 1337.567 1138.323 1385.415
73.75 1241.566 1300.136 1257.487 1345.564 1210.094 1146.251 1328.126 980.538 1019.568 1191.075 865.079 1278.528 1141.865 1373.787
75 1273.83 1323.303 1275.938 1375.236 1245.629 1166.058 1366.748 993.711 1139.991 1212.378 958.072 1339.322 1166.727 1398.712
76.25 1393.199 1454.39 1397.315 1497.994 1373.666 1277.201 1515.587 1168.608 1307.866 1333.718 1236.947 1513.021 1271.404 1515.669
77.5 1446.612 1533.786 1474.916 1575.582 1457.19 1346.086 1587.574 1255.892 1410.304 1406.437 1335.443 1608.138 1336.443 1594.345
78.75 1392.979 1477.553 1416.398 1521.615 1391.671 1296.728 1529.418 1190.758 1325.864 1347.032 1242.861 1518.006 1281.52 1561.132
80 1342.48 1398.913 1339.436 1459.209 1314.637 1237.986 1456.157 1143.351 1226.126 1277.566 1091.194 1431.512 1218.667 1516.642
81.25 1381.022 1400.007 1346.04 1468.431 1342.941 1250.872 1466.533 1149.445 1252.037 1274.626 1178.707 1475.366 1227.594 1582.45
82.5 1652.335 1693.826 1606.138 1784.609 1667.519 1496.683 1836.523 1439.66 1540.204 1567.2 1605.398 2013.774 1470.132 1964
83.75 2352.989 2553.113 2446.58 2677.103 2467.33 2222.892 2794.987 2145.691 2264.504 2372.394 2457.32 3116.68 2145.223 2874.184
85 3199.467 3607.381 3600.946 3729.843 3471.161 3175.939 3937.877 2906.723 3212.316 3342.249 3382.334 4195.252 3005.44 3902.702
86.25 3643.498 4237.784 4269.225 4364.37 4075.901 3746.357 4624.803 3285.357 3829.511 3896.662 3888.02 4663.777 3532.686 4546.029
87.5 3427.884 4048.196 4108.057 4181.752 3911.675 3592.801 4445.136 3071.956 3770.872 3684.864 3681.39 4307.495 3372.307 4342.009
88.75 2736.663 3247.697 3318.742 3393.443 3168.941 2887.562 3601.447 2459.579 3078.396 2947.892 2948.11 3487.801 2702.657 3576.808
90 2322.618 2740.809 2752.015 2841.071 2602.647 2383.332 3000.347 2039.315 2460.038 2458.639 2465.525 2987.679 2192.94 3004.921
91.25 2458.999 3006.223 3033.516 3064.611 2768.575 2543.832 3265.91 2122.887 2535.504 2667.35 2631.444 3224.29 2324.916 3242.453
92.5 2645.667 3375.035 3484.482 3391.581 3093.906 2840.633 3692.286 2310.202 2875.994 3001.065 2905.932 3522.727 2601.704 3622.514
93.75 2723.429 3429.548 3581.706 3434.396 3161.092 2917.021 3758.354 2359.043 2978.787 3062.236 2976.071 3503.288 2646.246 3717.941
95 2793.013 3240.907 3330.791 3299.973 3066.704 2804.352 3501.737 2390.835 2866.028 2912.533 2862.614 3393.182 2569.736 3549.791
96.25 2994.593 3198.77 3158.532 3279.143 3051.92 2783.857 3354.281 2560.853 2869.89 2887.669 2891.334 3497.545 2660.583 3433.299
97.5 3277.425 3397.977 3297.098 3491.366 3232.503 2989.994 3524.64 2793.753 3072.703 3061.69 3075.417 3749.431 2909.491 3546.787
98.75 3462.81 3622.563 3498.909 3730.307 3421.672 3192.808 3723.735 2968.352 3288.623 3216.223 3248.904 3935.414 3088.001 3730.102
100 3539.634 3699.1 3544.371 3810.702 3480.12 3270.301 3782.16 3026.429 3377.713 3299.67 3308.726 3991.777 3151.931 3800.652
101.25 3467.335 3616.613 3464.759 3770.123 3412.977 3238.736 3722.208 3002.056 3348.502 3288.296 3275.884 3925.961 3119.337 3726.993
102.5 3191.34 3346.321 3203.573 3542.03 3178.716 3027.051 3477.635 2820.354 3160.381 3040.81 3055.466 3659.683 2947.935 3473.63
103.75 2813.776 2955.771 2822.843 3143.621 2817.115 2674.081 3081.752 2505.412 2830.202 2671.268 2708.172 3279.531 2648.452 3097.635
105 2573.861 2686.534 2564.502 2848.312 2563.836 2425.784 2792.163 2276.601 2547.825 2438.658 2451.424 3019.017 2416.059 2797.837
106.25 2445.774 2544.785 2433.821 2701.806 2432.253 2296.994 2633.5 2158.427 2396.999 2321.369 2315.626 2884.276 2290.297 2634.524
107.5 2335.737 2435.46 2321.399 2604.327 2327.308 2196.75 2522.095 2064.139 2289.875 2231.366 2218.876 2798.623 2192.482 2533.738
