AD508_LIGHT 1 2 4 5
angle -3.853 -3.101 -1.216 -2.744
whole 309.958 307.81 307.068 307.537
RPEtoOLM 66.114 66.829 65.799 65.956
RNFL 30.887 31.071 29.903 30.649
-3.75 639.536 584.822 586.425 505.246
-2.5 728.852 682.334 622.2 594.338
-1.25 1120.608 1069.199 1017.015 1047.906
0 1906.273 1632.926 1806.62 1682.524
1.25 2504.698 2147.407 2353.513 2217.637
2.5 2970.345 2528.118 2788.475 2630.528
3.75 3169.806 2731.476 3048.469 2832.121
5 3267.928 2812.876 3150.055 2931.361
6.25 3277.757 2803.906 3165.914 2947.54
7.5 3192.181 2721.745 3098.538 2881.842
8.75 3020.694 2554.767 2892.145 2739.494
10 2751.327 2300.064 2627.972 2506.526
11.25 2532.546 2074.872 2377.719 2299.882
12.5 2420.973 1956.01 2233.765 2172.891
13.75 2367.307 1912.838 2168.361 2120.496
15 2348.365 1907.25 2135.836 2100.778
16.25 2349.597 1911.882 2133.056 2104.773
17.5 2360.632 1912.65 2157.832 2121.836
18.75 2366.157 1915.88 2166.114 2132.912
20 2354.923 1916.683 2166.881 2128.972
21.25 2334.009 1916.145 2145.585 2117.334
22.5 2331.367 1912.996 2128.417 2107.301
23.75 2351.485 1931.09 2150.718 2113.75
25 2376.723 1965.567 2174.765 2135.327
26.25 2408.578 1998.772 2197.241 2174.992
27.5 2433.978 2030.414 2232.039 2207.588
28.75 2439.98 2051.922 2265.435 2228.337
30 2464.211 2071.194 2284.726 2247.766
31.25 2503.877 2094.647 2313.881 2259.459
32.5 2521.998 2097.451 2323.129 2265.36
33.75 2520.576 2081.799 2304.683 2263.868
35 2470.728 2045.303 2259.759 2230.344
36.25 2353.75 1959.43 2173.367 2139.85
37.5 2194.921 1840.865 2038.849 2010.728
38.75 2033.137 1717.313 1896.875 1877.194
40 1949.829 1638.958 1802.279 1788.734
41.25 1922.506 1603.372 1752.841 1757.483
42.5 1916.545 1604.839 1748.776 1755.632
43.75 1942.137 1624.714 1767.832 1769.497
45 1987.634 1665.936 1803.09 1809.973
46.25 2051.996 1735.317 1879.388 1887.064
47.5 2131.324 1807.56 1954.623 1963.802
48.75 2200.177 1874.514 2016.092 2037.158
50 2275.854 1926.3 2083.369 2109.468
51.25 2337.549 1975.871 2144.888 2168.811
52.5 2375.903 2029.907 2178.307 2216.834
53.75 2408.434 2083.84 2206.627 2256.157
55 2417.661 2090.695 2187.916 2244.229
56.25 2395.667 2054.165 2106.488 2187.15
57.5 2312.29 1985.375 1983.531 2096.098
58.75 2197.127 1892.015 1856.147 1989.597
60 2062.672 1801.689 1749.226 1881.433
61.25 1932.988 1729.556 1664.759 1780.565
62.5 1839.669 1646.435 1603.629 1683.379
63.75 1772.963 1554.172 1523.017 1611.034
65 1669.56 1472.116 1462.29 1552.107
66.25 1570.215 1393.432 1422.567 1499.003
67.5 1495.135 1332.815 1395.167 1458.862
68.75 1460.45 1300.505 1355.803 1424.065
70 1443.595 1277.835 1358.448 1409.999
71.25 1412.195 1268.536 1331.623 1398.884
72.5 1446.552 1268.663 1330.967 1400.073
73.75 1544.716 1311.996 1431.228 1456.661
75 1697.559 1441.74 1590.956 1620.349
76.25 1869.258 1617.778 1772.233 1806.216
77.5 1929.951 1685.859 1843.445 1869.488
78.75 1881.139 1639.046 1798.139 1823.042
80 1797.025 1558.408 1726.658 1736.35
81.25 1921.923 1662.666 1927.616 1855.849
82.5 2511.037 2195.682 2570.166 2498.613
83.75 3253.566 2912.788 3419.105 3277.715
85 3783.195 3474.593 4057.657 3820.187
86.25 3907.88 3565.231 4159.314 3876.185
87.5 3572.471 3236.41 3777.328 3489.663
88.75 3024.666 2726.388 3167.321 2948.151
90 2645.46 2436.834 2850.312 2700.519
91.25 2569.238 2491.444 2940.474 2746.873
92.5 2763.598 2673.332 3203.969 2945.64
93.75 3129.7 2922.279 3476.675 3191.046
95 3515.734 3185.841 3648.753 3452.884
96.25 3851.118 3411.106 3753.455 3707.284
97.5 4160.727 3663.144 3900.591 3959.384
98.75 4415.384 3875.377 4101.456 4222.182
100 4493.256 3906.167 4205.211 4357.07
101.25 4313.741 3741.865 4080.608 4229.568
102.5 3957.873 3472.218 3764.286 3925.581
103.75 3535.064 3128.453 3360.071 3538.853
105 3159.868 2811.221 2971.337 3169.534
106.25 2883.581 2591.487 2704.875 2906.945
107.5 2648.817 2396.021 2507.479 2699.112
